CART
-0.6134361233480177 -0.5176022418775723 -0.3852588610687899 -0.2657195642479455 -0.2462253860726793 -0.2245053134674222 -0.18363702623906697 -0.16319237641453244 -0.12025488069414303 -0.09139491765732366 -0.08316535160974481 -0.08007425353176223 -0.0730041658130165 -0.0652389450723776 -0.02789199900916528 -0.017457315202944468 -0.0032776424179139507 0.03356432957656175 0.048773155107421196 0.10990941024218903 0.11033288145805087 0.1420813106796116 0.15425658306871448 0.15625209520616834 0.16038867913483768 0.1663194307952356 0.16987966987966985 0.17122957922778181 0.18523773584905667 0.1907503479691256 0.19834805816307743 0.20724279339042329 0.21248007747089792 0.2141281874569263 0.2295778537891181 0.23812621990891347 0.24831010732019865 0.2616562725382885 0.2652969270974136 0.2689964505818573 0.2778905133053544 0.28408666953651884 0.28932993445010924 0.30352496771831095 0.313333109491992 0.3171075576002672 0.33640538400633413 0.3411416005354241 0.3428444048149799 0.3580822279665653 0.3662227010087161 0.37374996943690564 0.38027427482638454 0.39862426702751463 0.41115794143744444 0.4124275019801221 0.41430810362312165 0.4317725399006447 0.43220759397061626 0.49818743286788403 

ABE0
-0.4743008855185131 -0.4417013512743029 -0.44107323921690966 -0.30184175251106327 -0.19389692472957099 -0.18980283700597722 -0.14936147602557748 0.0018913738019168402 0.010940440243315419 0.08159116238625397 0.10605704127780835 0.10807680812910936 0.13703751057857982 0.15158226694374566 0.15219926052070387 0.15495231419528877 0.16223374461888085 0.16527891358758962 0.1730175517311371 0.1956137209579928 0.1995162517200414 0.20052898057885582 0.20878199798565622 0.24162538157433833 0.24582495974802865 0.26232482850000327 0.2693606794303438 0.279323431850103 0.2806256806256806 0.28178979009151606 0.2823297351194345 0.29369872989355106 0.298304110811199 0.3082338164838394 0.31455945219990167 0.3194520934830192 0.3236187820615941 0.32873976432993823 0.34423057337814433 0.3499326606028038 0.35722413793103447 0.3583508001043798 0.3586678271554372 0.3625791199572943 0.3739682350487201 0.38030062911203955 0.40203731999814774 0.40963086805402793 0.421571069929668 0.42545886862952054 0.4351940522896006 0.45540526693308736 0.45632027757049276 0.46055816145130557 0.47986109306937563 0.5273856578204403 0.5364212691815184 0.5541796612242402 0.5647332917942189 0.5701325968091437 

SVM
-0.2810125848866474 -0.15706361597221008 -0.06229806371593405 0.09799943873924988 0.10617379058333287 0.11288512835966846 0.12499724892743691 0.13641202028309884 0.14169255066628283 0.14761919174181615 0.14817429386124903 0.15077613308929672 0.15209446273010852 0.16648984039976655 0.16657257831597794 0.17247753306928748 0.17293141695893977 0.19081757883122652 0.19374680203749672 0.20178367045278955 0.20256200924835854 0.20597687134936982 0.2069586399996729 0.2101746604096928 0.22245615106591066 0.2283845977773047 0.2335468649571698 0.23416007983564402 0.2465543891439308 0.2490049995445952 0.24929327937996704 0.2495200823690592 0.2530041516236109 0.2540601297169973 0.26025115143386046 0.2662338494467307 0.2666626920583891 0.26825353894484627 0.2729733334140827 0.27386817567649635 0.2781910141924778 0.2804019923805574 0.2818249669403663 0.28216450008462957 0.28766714791714876 0.29141512662486035 0.29256567127313793 0.2978725198408234 0.2985437735407075 0.3130580265567213 0.31395970393804884 0.3231285140899004 0.32328096493502323 0.3368603926759631 0.33954431411735697 0.3505351541881844 0.36632888433049693 0.37521271527716615 0.383125507056967 0.38464279867263995 

RF
-0.745765705020148 -0.4914087011677819 -0.4412087364116881 -0.4051892123621341 -0.3781788479964814 -0.24677495436739894 -0.2343941046231124 -0.20080218778486758 -0.1721284852214644 -0.1716704805491991 -0.1645831819172907 -0.13251999853891938 -0.09410110939190752 -0.049880022463878904 -0.03516864834640754 -0.02912076516731954 0.0657751011129808 0.08974358974358976 0.1034807511195679 0.1112019122724579 0.11821073714801844 0.13058309773158672 0.14338093400231566 0.16427488041068716 0.17726558486689048 0.19871279730434666 0.20031698049835223 0.20044557841995325 0.2030107526881718 0.2051509354733354 0.22009873563889493 0.22781992262638062 0.23322925365186553 0.24489610443260224 0.24823301808988663 0.2615135821576682 0.2630303800865986 0.2803577017661525 0.28795523346481977 0.29484675131389226 0.30093804284887105 0.30351650233489424 0.3061979905930813 0.3110922990097994 0.32253411037162183 0.32437640405918367 0.32843667712729496 0.3429548940186401 0.35158040776933286 0.37201541215375755 0.37708592531153107 0.38062254315222166 0.3979494904259795 0.40715142895239775 0.4138145809188172 0.4150297530200808 0.4356247518575237 0.4458017771312025 0.5806365338325756 0.5812760261748959 

ATLM
0.449478400755 0.29694084709 0.234290589403 0.447736909197 0.309581490692 0.211093122552 0.440801713801 0.27528825303 0.185110553717 0.462599418559 0.292882835873 0.206467622703 0.449716878113 0.271115950199 0.238814524993 0.457276307821 0.2877027243 0.263244340901 0.458228084309 0.321408560846 0.237178490309 0.457029654957 0.325664303053 0.225567743962 0.447659195592 0.331966385632 0.240590764157 0.481158727734 0.29710538642 0.223872294523 0.459111548499 0.248041903954 0.250016702586 0.451365287791 0.287568193436 0.21476765216 0.466237092408 0.300816631845 0.247793065988 0.468452193035 0.290855697864 0.20959209131 0.407164807656 0.287974829267 0.214874337747 0.462016290689 0.331336360549 0.187358824777 0.484589669836 0.345032180011 0.213884426335 0.484445299496 0.305727478032 0.286510783459 0.46013066826 0.279772131367 0.246287443752 0.47645862889 0.316023455365 0.234982500329

CART_DE
0.0044242699975185484 0.04466992143500481 0.07545982129149131 0.10498489425981872 0.12325476914570088 0.13688630490956066 0.14071068258977948 0.1425482397119836 0.15201274214472615 0.16154131697485552 0.17386163965694046 0.17642077137626078 0.18536142850472592 0.18550674976724935 0.18703694723286424 0.21224103796457794 0.22091865059926197 0.2211142483766344 0.22160024493544928 0.24051264010631979 0.2709817820493533 0.27689449064827654 0.28522170550669057 0.2963822495015793 0.2992300203557837 0.3015596272110569 0.31407542413813916 0.31693500161000965 0.3181276678568552 0.3294272577117092 0.3308385729255978 0.33205073393187967 0.34216046418567425 0.34284514389284293 0.34711000982230555 0.35251489021992655 0.35866312336900563 0.36258782898654274 0.3665538549611894 0.36936363384726123 0.3694363085923438 0.3761727172076219 0.38356705310585737 0.3867500548072005 0.397821572847057 0.40215630250687884 0.4038211680319518 0.4059997716112823 0.40938144700094636 0.41802645096298663 0.4213603327371319 0.4261096895435035 0.4286262868253389 0.4389062001619355 0.4391755417542369 0.4599186686848562 0.4617176063523044 0.464583230741452 0.47176855945928475 0.4754595917392863 

CART_FLASH
-0.22169307209149713 -0.17139182906321127 -0.03447975100214484 -0.0070170462220060514 0.033756744825317875 0.07929143835385632 0.08302159813145016 0.08403340639921164 0.14181764432619626 0.17451204444320578 0.20077671584368006 0.202045117742221 0.2023970812338015 0.20260533989906915 0.20759409079081215 0.20809301048117723 0.21939777583140896 0.2197475016496666 0.24526844696569206 0.2507311301790779 0.2638563335703309 0.2639742436878867 0.27870376292506127 0.2825871067692469 0.2836366477027842 0.28422526086855915 0.28910989772924245 0.2955662078573773 0.29763617201162795 0.2979082138483201 0.30269362683588474 0.3035989386634612 0.31627263113704374 0.32797948157335965 0.3502670653050256 0.3505899950141266 0.35458509862346177 0.3625368404499625 0.3627106091464545 0.3670982312305473 0.36721960189066216 0.37997576329089855 0.3836178113927501 0.3884526524300056 0.39227377560710885 0.3948348022053202 0.3988152552525903 0.4102667822402003 0.4173141689745956 0.4229172993217938 0.4298307379876327 0.4412804764563558 0.453449382911401 0.45823509217503755 0.45971895973154364 0.4912027173855149 0.5028783909537395 0.5033286569855705 0.5240674737523532 0.5713899901819365 
