CART
0.4141605121365465 0.46905537459283386 0.5107156634283825 0.5335365853658537 0.5440059292199371 0.5506987282907849 0.5590730584456534 0.5981272103740221 0.6030748931335355 0.6118166579536615 0.6198788917612679 0.6216024319674098 0.6306094388937254 0.6475720046082949 0.6502775574940524 0.6581138255766343 0.6614785992217899 0.6623735050597976 0.6624887737881846 0.6651763417481278 0.667583973509141 0.6775441510753628 0.697089816682253 0.708748464583049 0.7105668992064504 0.7163335634097323 0.7172803163340662 0.7178609311073278 0.7226699689396862 0.7321248435384682 0.7399801637308726 0.742600396238006 0.7497517126881338 0.7564594715505903 0.7642793596036863 0.7777777777777778 0.7946210268948656 0.8009478672985783 0.8025158638156027 0.8140634508639608 0.822339959854971 0.8227252650176679 0.8566402814423922 0.8576965669988926 0.8618581907090465 0.869372037914692 0.88161701314114 0.9119214004013008 0.9475164011246485 0.9556010937568911 1.0860192767690346 1.209743906455863 1.2536330293417923 1.2946428571428572 1.3088697664256772 1.5356511147910816 1.9203221518492455 2.0101195952161914 2.0101195952161914 2.896456256921373 

ABE0
0.33768297118467294 0.3993268053855569 0.4201993509849524 0.4321682464454976 0.47098784635805535 0.4997214673368864 0.5044959705335496 0.5630094267401191 0.5807652121360432 0.5809040124172433 0.5850846228239845 0.5907589539034859 0.5955568779133195 0.5992556193570824 0.6078408065735255 0.608207929636501 0.6249342131977684 0.6334559212954248 0.6373576765796067 0.641440248684265 0.6556047197640119 0.6740412979351031 0.6740412979351031 0.674890637645958 0.6779068201051455 0.6882494004796162 0.6894943342387576 0.6959014945537294 0.7107788851974898 0.7310242712840005 0.7314275976603436 0.7348795756221387 0.7388250254208308 0.7409290744804858 0.74640522875817 0.7809734513274337 0.8215880152478567 0.8627159544948487 0.8811322442787881 0.9148080298207217 0.9859223727489498 0.9940476190476192 1.0145889992199524 1.0303728487016452 1.1659835445044737 1.2079241553949727 1.2563764291996482 1.257168377836764 1.2947845804988662 1.34914159629369 1.3690476190476188 1.3831896221277584 1.431105247727939 1.4421768707482994 1.674778761061947 1.7074829931972788 1.7577886758151537 1.7925170068027212 1.9247199104283892 2.006884892360297 

SVM
0.42701911538750026 0.43451535812546527 0.44182299561081206 0.46646432776970154 0.4668076468417809 0.4932883648434283 0.49357015615836713 0.5063384728613978 0.511237547187722 0.5158345865919918 0.5287141392891447 0.5592182093415718 0.5827965165458253 0.5968252123194351 0.6111906620353329 0.6147377132834082 0.6198638525765263 0.6198746042847009 0.6455885981265439 0.6531427536174531 0.656696386491418 0.6646700225172967 0.6766862355588255 0.6829940654085875 0.6829999272441656 0.6849773528540224 0.6911362116933351 0.7073250295560547 0.707517962881528 0.7136963708482297 0.7178653565795928 0.7352930974939806 0.7353016217289606 0.7431856512658891 0.744323354209776 0.7443684518731031 0.7443804094660282 0.7531591328330597 0.7558741642003848 0.7560222162977075 0.7568883376899627 0.7690136311306 0.7731328020543697 0.7754505022446782 0.7755502241714314 0.7777968875907475 0.783210905854792 0.7891747694862992 0.7901410169644476 0.7911307330101658 0.7946404038253893 0.8192715955413812 0.8226776576782886 0.8508258853211972 0.8611367137866224 0.8622167710785665 0.8803751822165595 1.0326635371177266 1.0390553465072103 1.2819823836022604 

RF
0.4687876236270838 0.47815557582165746 0.5220101029870288 0.5401516515437829 0.5620734181885261 0.573682333251022 0.5788317962231004 0.5838147669028508 0.5909089160004446 0.6051455153098286 0.6061759006336871 0.6182101123114285 0.6614501804759361 0.675542999786091 0.6772979752778487 0.6881269189477821 0.6889112190812721 0.6899390243902439 0.7071992967847726 0.7188940092165899 0.7289673163536396 0.7391364581073094 0.7393936069051277 0.740287507961059 0.759638942617666 0.7653609831029186 0.7693932411674347 0.7733342558638345 0.7752338849533975 0.7791666915709843 0.7792088316467342 0.7896348645465253 0.7991567066953665 0.8088680760036524 0.8217145531833163 0.8564795588778147 0.8648926875425142 0.9365781710914455 0.9405090463048146 0.9550008910243624 1.0738818889107522 1.118940518661319 1.131566515495087 1.2106122465341038 1.2561063218390802 1.2736205593348453 1.2737380511379361 1.280444009141365 1.2855240073605048 1.3690476190476188 1.5311080383480826 1.5875816993464051 1.6999089253187614 1.7252456538170824 1.9104166666666669 1.9385888501742161 1.9779755262831622 2.007430227251199 2.5216527058057006 3.3854505971769813 

ATLM
2.171085881109609 0.9341467231075634 1.268638152524952 2.171085881109609 0.9341467231075634 1.268638152524952 2.171085881109609 0.9341467231075634 1.268638152524952 2.171085881109609 0.9341467231075634 1.268638152524952 2.171085881109609 0.9341467231075634 1.268638152524952 2.171085881109609 0.9341467231075634 1.268638152524952 2.171085881109609 0.9341467231075634 1.268638152524952 2.171085881109609 0.9341467231075634 1.268638152524952 2.171085881109609 0.9341467231075634 1.268638152524952 2.171085881109609 0.9341467231075634 1.268638152524952 2.171085881109609 0.9341467231075634 1.268638152524952 2.171085881109609 0.9341467231075634 1.268638152524952 2.171085881109609 0.9341467231075634 1.268638152524952 2.171085881109609 0.9341467231075634 1.268638152524952 2.171085881109609 0.9341467231075634 1.268638152524952 2.171085881109609 0.9341467231075634 1.268638152524952 2.171085881109609 0.9341467231075634 1.268638152524952 2.171085881109609 0.9341467231075634 1.268638152524952 2.171085881109609 0.9341467231075634 1.268638152524952 2.171085881109609 0.9341467231075634 1.268638152524952

CART_DE
0.14433641425151347 0.28444119856161976 0.3465605600110886 0.3558022733280465 0.37699194814467063 0.391987431264729 0.41116623526028173 0.4141595353553542 0.4200262728423946 0.44393249193907347 0.4575824269781979 0.4592620346029639 0.46468480959525593 0.4722804374547145 0.48214024300980823 0.49251666355454327 0.49594548507423963 0.4962233412322275 0.49741602067183466 0.49846838515778524 0.5050707049505536 0.5130813953488372 0.5186287149988429 0.5260917117800995 0.5291094332758082 0.5463492326091589 0.5515896524486572 0.5553264654151717 0.5604345165238678 0.560801737756714 0.5904907975460123 0.5934193160068266 0.5943603609628378 0.5981976060333495 0.5984572311632197 0.6145718548912845 0.6252640910632821 0.6321909889828246 0.6378467363569018 0.6461239213542197 0.6534068954867993 0.6541369122845611 0.6622613803230544 0.6667247386759583 0.6800472742900591 0.6910702850822481 0.7022951355394316 0.7070149509292747 0.7154115070146511 0.7449097618327183 0.7788544652199627 0.7798549814357297 0.7854562145089007 0.7979101267929078 0.8720489464126142 0.898125 1.0884535517414182 1.3700658377654436 1.3943148688046647 1.8119145099972287 

CART_FLASH
0.2962789096746854 0.3033012565442911 0.3428913603081246 0.4075415803582308 0.4269884638737099 0.4272068422874397 0.4332790210338147 0.4348653380225103 0.44807231138166387 0.45731123212347524 0.48537141723693344 0.4861299210061394 0.49492690439007464 0.50539934800326 0.5114863226630593 0.5136186770428015 0.5250611246943765 0.5279976546467312 0.5347893992957033 0.5391777485022258 0.5531166297731046 0.5620746285053664 0.5646944077624072 0.5774928263988522 0.5904642632440631 0.5941901278543139 0.6045868535759932 0.6083202097504027 0.6109597156398104 0.6139258846738809 0.6153334603658537 0.6186000615849732 0.6227391144596383 0.6251439095277043 0.6261884828512033 0.6373815676141258 0.6387455659464688 0.6460808311710504 0.6552416655509439 0.6571287519747235 0.6619224508535415 0.6689499246249316 0.693928941876141 0.6946177337454914 0.6967478269828782 0.6979574205985775 0.7023384030826939 0.7082921083627797 0.7129288486669937 0.7572340432599387 0.7573349046054998 0.7761860954133264 0.7966627404789949 0.8025560130193135 0.8055138528729358 0.8580446645491884 0.8643880163287899 0.879149538161931 2.099931318681319 3.9302675097276265 
