CART
0.04291207649137385 0.051789785809755906 0.05707675036280491 0.1288576561824839 0.13343670310237454 0.1850845887418544 0.18964274878640786 0.1980736628351063 0.2590395611547581 0.29016471412836686 0.2933195468440928 0.30137514599907445 0.3076745932415519 0.3128192911405807 0.3138044885314095 0.3167389978838636 0.319248924349388 0.32157746861829883 0.3398019271948608 0.34605849667216226 0.35245328945885646 0.367446217387139 0.37002435244631393 0.3743551577187365 0.37570445512250106 0.38623011749660296 0.41508352256120873 0.41509013760930213 0.417813287292331 0.4187606704018083 0.4237401374395521 0.42392993782879007 0.42717352964602273 0.43908601151774107 0.44196975691663365 0.4441383280562523 0.445053168864313 0.4472010596424646 0.4593587491008573 0.46326994795295273 0.4696698832845069 0.4793747135977313 0.4815997955532839 0.4841411755706212 0.48570403384197014 0.4903488100163701 0.49312797916259155 0.4964853300733496 0.5072673456457394 0.5198314464578451 0.5365142528217834 0.5424588641421486 0.5505487641652539 0.5957941110671325 0.6202326078923314 0.6419059155470532 0.6419957061514048 0.6452749687669425 0.6592083270019753 0.71121849288233 

ABE0
-0.20538108832944024 0.01270996361461385 0.02622957858354258 0.04907786625530075 0.1104849946027171 0.1361312719559885 0.15500717723549773 0.1622485455308127 0.16707323765196525 0.16836987292600247 0.17271643214881938 0.18008876903196802 0.1819528192108324 0.192024248187329 0.21161185238496572 0.23614728722392286 0.2823113626479974 0.3312801883346187 0.3328214147827204 0.34119802719484404 0.34456468902704207 0.34818631526787436 0.35070538658849393 0.36121352704187515 0.36619965202830884 0.3687951259682971 0.372217328515529 0.3820116485151399 0.38205858265109116 0.38800651044030177 0.40627147890201054 0.4084604642860892 0.4110765178322101 0.4252711563208531 0.4410206688986854 0.44722381669895483 0.45484342715549864 0.45649044816747786 0.4575599326408204 0.4599012712419728 0.4658046466584769 0.46801407226993685 0.4680205117738603 0.4715597853151109 0.48627434196447683 0.48916698056613517 0.49880795156338453 0.5031397254139656 0.505127611997841 0.505870437946678 0.5121199020031706 0.5127656505433213 0.5430836335425513 0.5511931732366713 0.5600956245478279 0.5717975771785854 0.6071514772270146 0.6167717412609448 0.6191612768360525 0.6367171377696018 

SVM
-0.30513106288431313 -0.13955107150893453 -0.12806684254524914 -0.08973957803968458 -0.0025168907548822617 0.023740863678026747 0.06266293235982101 0.11422303544458912 0.12491057622071067 0.1491648512061018 0.15409803268663025 0.16139478570555044 0.1651259926610359 0.17629582293878177 0.18282100817580682 0.18513462411275183 0.18550380990972537 0.19798879150014115 0.1989049925629608 0.20105213350372808 0.20360615156998474 0.20401329135807178 0.2106255921284762 0.2129294289818181 0.21848688335652633 0.220341485101061 0.2220359006595204 0.22541804986950675 0.2279233515062462 0.22948679887034085 0.23955196064348083 0.2440962255355612 0.24977672026569842 0.2554240059525863 0.25626124273792683 0.2640591229390521 0.2644612060910184 0.2655849132119953 0.2657904531970964 0.27101965391395566 0.27120977985531347 0.2735073619237891 0.2800278712890233 0.2815976087394392 0.284809596800805 0.2867494106573518 0.287233398189106 0.28745370528743985 0.28769906924114086 0.2884394869779675 0.297653135111547 0.3088980536665973 0.30956068819503657 0.31497661976520697 0.3190466890564805 0.32063043000817404 0.33975881261285823 0.356067896576884 0.36139905713798715 0.36595298795199094 

RF
-0.017745235275115734 0.06410236541809378 0.08427902742666626 0.08907101330167733 0.16926530364618086 0.20707710082226127 0.22537767129530883 0.22799026604723338 0.27298208194042806 0.27595256119101697 0.30428285175456327 0.3086626605693361 0.30954590037907925 0.3119607296602558 0.3317240969645915 0.3333194311214914 0.3371179534020867 0.33774564225189063 0.3427948412738785 0.34940927098619357 0.35731029913876566 0.3715978499877841 0.3807949386996461 0.38253599416803363 0.3859459418869653 0.3947737760734712 0.4086120789779327 0.4087360279320126 0.43808201425529947 0.4397726883708192 0.4404552817495806 0.4451651785006264 0.45028134748279824 0.45344587672217385 0.45867325637814105 0.46002680440315014 0.46183094340302655 0.46235829587538513 0.46308429758672565 0.46840407718328214 0.4714305368878915 0.47496942287453436 0.4846301024257459 0.4848774669447947 0.48745926887633007 0.49050156376694076 0.515415619067926 0.5281020119276914 0.5318641963125605 0.5387184536982519 0.5430168955078829 0.5438011476525919 0.5482936625429642 0.5542328042328043 0.5554924034077714 0.5897863572812677 0.6088078127879123 0.6281933342264697 0.645856039425674 0.652935147354085 

ATLM
0.403093354915 -0.0035560162701 0.524788539456 0.395143177176 0.060530641474 0.519027677011 0.402641392272 0.0106662736682 0.514753892326 0.39049200102 0.0432132209172 0.556553047355 0.371585952532 0.0288919434988 0.51043344052 0.403819246965 0.0483150952044 0.513791535932 0.391596448803 -0.00783944270681 0.514736588138 0.419892176081 0.0611481435432 0.519292556712 0.406447562989 0.00253247542263 0.543211328616 0.401733616204 0.0240094123756 0.523047078287 0.423027299948 0.00949871529574 0.544983119403 0.392009450377 0.0200171851458 0.541055114405 0.373428746264 0.0250826335885 0.535146034283 0.351042480173 0.041526259646 0.532644708088 0.384334529532 0.0125390272417 0.52891101118 0.388509744594 0.0277517968208 0.524680943096 0.405896063921 -0.00129883878135 0.541219462078 0.408899795051 0.0525460782105 0.54598218903 0.417376584712 -0.00459631319597 0.536839360345 0.405442946782 0.0330994387188 0.521005274337

CART_DE
0.18932213924635877 0.19656548175148936 0.23545143739430907 0.24021480909038861 0.29103532820996914 0.32614639196337025 0.36015540460240303 0.3751493414868714 0.3898364516212508 0.40565255259192157 0.41482249991987497 0.41543709587088207 0.4235629651444729 0.4245951374663004 0.4276944033443716 0.4333634770813316 0.4356671567461605 0.4360887443730923 0.4435393057422954 0.45147635770568995 0.45223022089314446 0.4536708123456953 0.4549523319430151 0.4570298809256347 0.4570715932915491 0.45899354914950263 0.461326896467779 0.47911731737950214 0.47986906549669717 0.48420322622025525 0.4914925486460555 0.4986003787296055 0.5038413227003185 0.5038659388688267 0.5111446460707858 0.5112456033158842 0.5170263974355012 0.5330036203775537 0.5336409450880293 0.5363527010431991 0.5373844296088814 0.5378338360446782 0.5396254639888876 0.5450409836065574 0.5467161149935138 0.5538574706021543 0.5542971591561698 0.5603295934934573 0.5618356309031582 0.5774112670674321 0.5794159804694592 0.6046398555254567 0.6158605598813021 0.6280313959220443 0.6293187219124255 0.6295776871644907 0.6563014153594604 0.68700989580544 0.6955047414719248 0.7132549694189603 

CART_FLASH
0.34153576076757775 0.34830457816921434 0.35206512615415 0.36814772793124173 0.38695950359242326 0.3919888421749732 0.41321211118209866 0.42513915052012785 0.42541963840084107 0.4270584306286569 0.44016092782630833 0.44319524661385123 0.4669966279635682 0.4763440431890784 0.47719273671284423 0.48107863024259556 0.4817164547595303 0.4818879173176577 0.48825832012678283 0.48874212174593856 0.4920174374013774 0.49230230593776914 0.4989447443151027 0.5051568131278277 0.5151323216030042 0.5160102213813607 0.5165963181763686 0.5189590096192351 0.5330321906759494 0.5334199599238989 0.5413593199538282 0.542104279854247 0.5442431121380411 0.5517385129091071 0.559499960160723 0.5636416239408335 0.5637017290775562 0.5664712133886811 0.5697313951480618 0.5697928958664683 0.5833909893020279 0.5887582828388819 0.5997006308055944 0.6015740628275548 0.6037312144190594 0.6106070834556305 0.6106919217986635 0.6250352257838618 0.625161223752773 0.6254570899279127 0.6269399827127774 0.6321086849688087 0.6436170257857916 0.6531590843253366 0.6685046320023257 0.6713135676418615 0.6986960074387408 0.7082038038822118 0.7158264246769735 0.7207385631027903 
