CART
0.355448960126841 0.3900843739453257 0.40892914914267225 0.423282708183776 0.42592592592592593 0.44329896907216493 0.44410129709697344 0.46251824333289104 0.4827586206896552 0.48329516763548824 0.4867180373116623 0.4891668134578122 0.49326836581709144 0.5001687478906514 0.5275279829678821 0.5282608695652173 0.5293604651162791 0.5294702087491006 0.5446619417257285 0.5452261306532663 0.5455595510515419 0.5503703703703704 0.5505813953488372 0.5553500307573547 0.557845744680851 0.5639097744360902 0.5756452498627128 0.5756452498627128 0.5756452498627128 0.5788028555738605 0.583710407239819 0.6210521158808096 0.6411335225660146 0.6481818181818182 0.6481818181818182 0.6603041087026852 0.6813648293963255 0.691089108910891 0.691089108910891 0.6921558316958644 0.72326933239387 0.7238095238095238 0.732250506585613 0.7419354838709677 0.7419354838709677 0.7419354838709677 0.7526123687427924 0.7528830313014827 0.7678121268409182 0.7898289793676944 0.8368050948653311 0.8459579885423297 0.8818764765440432 0.888415131996734 0.9004524886877828 0.9221761468920209 0.9597892720306513 1.1485910843219527 1.2089359119081595 1.4234701606209073 

ABE0
0.281595140694043 0.3299806201550387 0.35405940594059404 0.39536293918316395 0.39589065255731926 0.41210983397190293 0.42336633663366335 0.4255913978494623 0.4541701310194546 0.45873015873015877 0.4986068727610455 0.5005275806236126 0.5035797101449275 0.5113031914893617 0.5334663120567377 0.5481818181818182 0.5583998226950355 0.561604799400075 0.5694813829787234 0.5694813829787234 0.5933243406114745 0.6028571428571429 0.6033278176135319 0.6036056556893675 0.6173762184167133 0.6215791224409568 0.6215791224409568 0.6258817647794026 0.6301841739572936 0.6341377488109917 0.6415698037745281 0.6428008172093764 0.658710619476097 0.6685415343675346 0.6704074629645971 0.6753454897335874 0.6901587301587302 0.6916953693073096 0.705719696969697 0.7348079877112136 0.7677990529133211 0.7965403624382208 0.8405165605790499 0.8551670665804618 0.9043740573152339 1.0374788451732582 1.0380952380952382 1.0587188612099645 1.2039593629873695 1.2193988909281077 1.3203703703703702 1.3755698005698005 1.4195402298850572 1.4195402298850572 1.4307692307692308 1.4744586894586895 1.531562693020383 1.6941479484875712 1.783876500857633 1.9144225902921554 

SVM
0.431622764479352 0.43925775634967035 0.5619101062442577 0.57258434775839 0.5970206145117245 0.5993549597659905 0.60533320037499 0.6074908648560975 0.6165857296168382 0.6413885663670549 0.6493857179607597 0.6521899290007587 0.65449558724932 0.6607383200533403 0.6728829007359315 0.6728829973960726 0.6752804457908145 0.6764816489703892 0.6809402257782979 0.6897834188382379 0.7066750864393431 0.7163433440163886 0.7163857268394535 0.7173394068294616 0.7191488386348797 0.7259566843985185 0.7282656386280543 0.7283016455368201 0.735189200904165 0.7377920321893906 0.7395018912218043 0.7415110290585059 0.7415215668639592 0.7444345112847858 0.744436709908229 0.744691518619401 0.744957401837206 0.7591911628254233 0.768167770218713 0.7738658454997411 0.7738882296293479 0.7801329671166801 0.7899873560893067 0.7899931542190526 0.793453416839077 0.8019245891606961 0.8820812784010406 1.0045059856886283 1.1205105536181668 1.1909190613281502 1.3393676005515571 1.5056901377646563 1.72946200975173 1.776541475928204 1.8879744602688686 1.8892347555692166 2.1757557451845098 2.364654245753668 2.3649370035611117 2.722058502125583 

RF
0.24736048265460023 0.2877681905145931 0.28991627478773935 0.32738707833047453 0.3417054263565892 0.35541843251650673 0.3625454681816477 0.36338624338624337 0.3650265957446808 0.3656167471819645 0.3665915493671399 0.3888304694671787 0.3983587117017349 0.40973084886128364 0.4278550724637681 0.4483139856274186 0.4534381320095606 0.46138248847926266 0.46663139329805997 0.4897800410212886 0.4904290429042904 0.4943384018117114 0.5010275380189066 0.5130647378030688 0.5161716171617161 0.5205009258689844 0.5356616545904238 0.5606961668883378 0.5719873563893293 0.5812356911568537 0.5840413318025258 0.5863095238095238 0.5953192988907274 0.6088479262672811 0.6470425649530126 0.6481818181818182 0.6603174603174602 0.6644018941733582 0.6675018174402412 0.6690463115504303 0.677335843727936 0.6845161290322581 0.6866475660827733 0.6920634920634922 0.7037215150086438 0.706903453774991 0.7238095238095238 0.7256551277903591 0.7332921556516369 0.7347826086956522 0.765530303030303 0.7761689291101056 0.8444444444444444 0.9689209118341118 0.9718076285240465 1.0903373356203543 1.1247683755404572 1.2809470264867566 1.363247863247863 1.411508590256531 

ATLM
0.8682842373296319 1.2085118708170905 0.4887708990942815 0.8682842373296319 1.2085118708170905 0.4887708990942815 0.8682842373296319 1.2085118708170905 0.4887708990942815 0.8682842373296319 1.2085118708170905 0.4887708990942815 0.8682842373296319 1.2085118708170905 0.4887708990942815 0.8682842373296319 1.2085118708170905 0.4887708990942815 0.8682842373296319 1.2085118708170905 0.4887708990942815 0.8682842373296319 1.2085118708170905 0.4887708990942815 0.8682842373296319 1.2085118708170905 0.4887708990942815 0.8682842373296319 1.2085118708170905 0.4887708990942815 0.8682842373296319 1.2085118708170905 0.4887708990942815 0.8682842373296319 1.2085118708170905 0.4887708990942815 0.8682842373296319 1.2085118708170905 0.4887708990942815 0.8682842373296319 1.2085118708170905 0.4887708990942815 0.8682842373296319 1.2085118708170905 0.4887708990942815 0.8682842373296319 1.2085118708170905 0.4887708990942815 0.8682842373296319 1.2085118708170905 0.4887708990942815 0.8682842373296319 1.2085118708170905 0.4887708990942815 0.8682842373296319 1.2085118708170905 0.4887708990942815 0.8682842373296319 1.2085118708170905 0.4887708990942815

CART_DE
0.24487053555917807 0.2621692148591321 0.27536557930258715 0.288659090909091 0.2926055165448089 0.32480620155038764 0.3416666728793594 0.3421491901322798 0.3426728110599078 0.3553199404761904 0.3711340206185567 0.38118351063829786 0.3861904761904762 0.3865917312661499 0.39415280469709557 0.3969512881088986 0.40104166666666663 0.40518548243267344 0.4101532567049808 0.4301208127402526 0.43238095238095237 0.44041351928447076 0.44726072607260725 0.4493443754313319 0.458041587099512 0.461269296740995 0.4612858052196053 0.47862895844773934 0.47984626921634793 0.4808294865734868 0.4816700498644566 0.48636968085106386 0.48848656294200843 0.49632393137411235 0.5004090929193755 0.502987317429803 0.5073968253968254 0.5080674702257099 0.5122376237623762 0.5175892857142858 0.5211061117360329 0.5215321252059308 0.5340181557572862 0.5370630132394838 0.5505507246376812 0.5563511627906976 0.5619091656391286 0.5680825791468762 0.5991937194992574 0.6285714285714286 0.6292857142857142 0.6338399566038494 0.6427518104015798 0.6475362318840581 0.6907407407407407 0.7026130849649612 0.7047233021297862 0.7064205537879424 0.8144318792573638 1.2158632529161646 

CART_FLASH
0.21623128396657804 0.24247980341034525 0.24558415841584155 0.25235632183908047 0.2746910349860715 0.28088550026752274 0.28378373405335366 0.28983319476886127 0.30724137931034484 0.31989448051948055 0.3206442332000367 0.3212698835712209 0.32462962962962966 0.32896883340507965 0.3420190940163399 0.35072752349518277 0.35953725649350643 0.36620926243567753 0.36732929991356955 0.3723285978999382 0.3728506787330317 0.3771934865900384 0.38005020789205296 0.38479710144927537 0.3894285714285714 0.39552238805970147 0.4018430335097002 0.4063709677419355 0.4064285714285714 0.4139076639509005 0.4166475315729047 0.42331528987212685 0.43719312602291327 0.45690396559961777 0.46293103448275863 0.47148871029468037 0.475 0.4776431955211025 0.47956104356636264 0.4823868913360754 0.4921613528271975 0.49306792968083296 0.5096013658145925 0.5148858554954107 0.5152980877390326 0.5181039870016249 0.5206613513110105 0.524032403240324 0.5356724640189207 0.5459634853335641 0.5655479323805636 0.5694885361552028 0.5807845744680851 0.5975592939878654 0.6703259005145797 0.6808296201994484 0.692407263247461 0.7086466165413534 0.7358201286213759 1.6821843165126749 
