CART
-0.3081459699764526 -0.05123380396994315 -0.038484028285455274 -0.022237179048120392 -0.008971385469957793 -0.0071470537758393515 -0.007066472299462667 -0.003871881710069358 -0.0033005527199228 0.009633280653783216 0.037676999691421686 0.0406270031330509 0.04413204349306643 0.049861894630770065 0.054992577281226085 0.05884920572229868 0.06592736965183266 0.0664069129712267 0.06724399910792578 0.07580428412212514 0.08077751308350811 0.08131152636277927 0.0845797615912719 0.08696540039431644 0.09766081312796726 0.1038823771468077 0.10882817439221093 0.11457237453180147 0.11640642563173764 0.11803830438903151 0.12085413224543806 0.12222209972043918 0.12461968709338067 0.1257034492746929 0.12763612351235598 0.13077802153674845 0.13159281265765088 0.1321834244646689 0.13446968401321702 0.13772489195931814 0.15952134014479546 0.16071148409038638 0.16580297140968636 0.17965938889040434 0.18369834460621592 0.18529119007471628 0.18607515074537928 0.19195117088704639 0.20186012060092717 0.20512619816023647 0.21254756907991412 0.21837982901976316 0.21846190895085416 0.22006315386330366 0.22026424112248988 0.22201515164661279 0.22630342355239597 0.23353226411239514 0.24314183970438663 0.29217549824536404 

ABE0
0.1760665601143363 0.1910272529611471 0.19300379453485095 0.20590610562819922 0.21615514780287626 0.21646923670472995 0.2175857497127709 0.22132687141149432 0.23041397072938374 0.24014381590486245 0.2429922082135666 0.24310720690952214 0.24323516984239268 0.2432625968557326 0.24719329243790022 0.25130220098663303 0.26241585811574775 0.26272121695693507 0.26331148781410574 0.264159822406834 0.26488336420116865 0.26731819698634895 0.2676629322064439 0.26967796820589873 0.2710846557938871 0.27173978208283067 0.27311848925033644 0.27352968657046506 0.2736754110651711 0.2754702987154307 0.2761230346956457 0.2818640673425048 0.28349365981635355 0.2841567528504978 0.28535243991568104 0.2882919070128801 0.29172764291471687 0.2935570976987665 0.29433396320862215 0.2948269610881745 0.29854701748458956 0.30003442343968556 0.303124177027458 0.3104690330320813 0.31424656005512275 0.3172837216968498 0.32271549214821793 0.3243798813379406 0.32526558914422254 0.3261989224765163 0.3304782298358313 0.33151061287024297 0.3318975154224103 0.34070429387542167 0.3437531299405141 0.3464095367920239 0.3482867183997038 0.3505814557209558 0.381573318725815 0.3832753922857868 

SVM
0.13781031504952757 0.17216353967345643 0.17286064327336925 0.17386323989569719 0.1758307549736995 0.17673510579833374 0.17673516782223264 0.18113024349509743 0.18189251029511944 0.1824636497366131 0.18298063530206 0.18374866069806217 0.18481085546492637 0.18541034149357272 0.18592017308470532 0.18893314892370328 0.19317004726246345 0.19368139684933716 0.19421636625080685 0.19505505471280793 0.19505672991981238 0.1957447664817914 0.1981970506875893 0.19904869538072412 0.2017692890093742 0.20177786594628444 0.20622952390814986 0.20711990551554593 0.20949184630597684 0.20986341440786005 0.21119361886736354 0.21137526404930418 0.21230518315694802 0.21289038245273006 0.21332671980931572 0.21356668256337563 0.21451870585955612 0.21659429077597958 0.21689168210323906 0.21810764845625408 0.22065081683381282 0.22128086874752262 0.22174876767910534 0.2220166405690397 0.22247250475556046 0.22280998417721531 0.22373945867244227 0.22511233793715302 0.22521045245959315 0.22535415197928166 0.2295292016413435 0.23027359754901267 0.23261185364993775 0.23805757201044764 0.23996070840437222 0.24174756372758044 0.24257669681120264 0.24626901521075295 0.2587915168450381 0.26135160177037187 

RF
-0.01292293189481275 0.0302271749743509 0.040014448364190214 0.08162435719779781 0.08268502022130275 0.1089583993271862 0.11802455618602303 0.12802135186911878 0.1345957958350248 0.1360964500633428 0.13622610333071372 0.13738537777511106 0.14010626041001373 0.1518272212147701 0.15261057961846936 0.1544021346934622 0.15898900815938977 0.15975144927536267 0.1658157796207681 0.1671929587169999 0.16942800383938839 0.17093604566888798 0.17253613005496582 0.17511169177169794 0.17930485120876838 0.18903494042086844 0.19441458780010634 0.1981458847627282 0.20431179325114135 0.20906160288439113 0.2106910747061912 0.21524505716815645 0.21542269062668984 0.21631573606060017 0.21985896359040458 0.22510683269769793 0.22590803353075706 0.22865907619470938 0.23154236106854464 0.24060141078450525 0.24873500018918493 0.2503916804739297 0.2531066233542383 0.25367386287854055 0.25372932351176636 0.2606403122436711 0.2622826425817829 0.275871870616738 0.2772286825184269 0.2810244268824229 0.28362637109410993 0.28621318435533016 0.2906178319393524 0.29328153184404027 0.30092882556244194 0.30209812521881796 0.3246722328646643 0.3305999537809652 0.3310681969736696 0.3472839585914519 

ATLM
0.137400052381 0.106232202194 0.154041242557 0.170486077769 0.138068258316 0.17147171146 0.0280173944965 0.0544945583268 0.15758576249 0.0852792096243 0.0900497768855 0.173741651976 0.156622335336 0.135788015614 0.109056729605 0.100230069497 0.11590763167 0.177123336893 0.153083687792 0.0558608956703 0.165741916933 0.141070690456 0.117102351086 0.146861960315 0.150708045963 0.140336499742 0.116883464045 0.176129029621 0.123027838663 0.145653549494 0.154266531803 0.0963426553303 0.152853098234 0.126197455658 0.0758921355075 0.0997483670788 0.150708045963 0.108670859214 0.118174570092 0.170486077769 0.0653157937108 0.143226428896 0.11599246244 0.0862318039214 0.123301462126 0.183901397266 0.0653157937108 0.112987361681 0.114700053759 0.112303994299 0.0984026994661 0.165915753129 0.111096244631 0.0819351688627 0.148319039059 0.138068258316 0.0691842684303 0.083895365766 0.0476031192475 0.115588571764

CART_DE
0.09350633443153678 0.15086980585380327 0.15401904325225324 0.16628792901085132 0.1735334997426059 0.1789732639748668 0.18636245350862268 0.18692256522016226 0.1946754642820988 0.1952331486458515 0.19551237103143504 0.20429728602604513 0.22276568191184765 0.22923108275987414 0.23303280205717758 0.23639745052659367 0.23676821577426665 0.2393781536503714 0.2433832930791826 0.24614047343773093 0.24725346249312286 0.24736953037882947 0.25131493993226195 0.2522869475835442 0.2531016982878458 0.2540806048238341 0.2577296310620619 0.25907520523295025 0.2670788447993424 0.2699168271642999 0.2724200043555537 0.27360711279490246 0.27435496593650754 0.2745579969924572 0.2760015675928247 0.28164959611710094 0.2830722981288474 0.2834947994242508 0.2841063607763613 0.2860456210374529 0.28808133779010514 0.29199559009849285 0.2921758087241674 0.29294582650668777 0.2978578062710673 0.2987531240147313 0.2990642805554107 0.3036682255630243 0.30553990549846055 0.30605522491078396 0.31616694161725434 0.31676955039065147 0.3170503359922301 0.317233881093838 0.3178692598721711 0.31825123469942906 0.3245968894697244 0.33155787633391165 0.333635486353668 0.34346132768539206 

CART_FLASH
0.10742932267504013 0.14200967720100954 0.17351939859459065 0.18120143254197585 0.18742562485491177 0.19137445028721545 0.20450558500352511 0.20745274816396475 0.21232320953839212 0.2143940420074012 0.23370901491852492 0.23928478817508914 0.24255581330955456 0.24388092332910716 0.24499322984849958 0.24803780011823917 0.24972952525776582 0.24988634426517142 0.25176515503333596 0.2525245122035311 0.2543654366519146 0.2579463124585738 0.26223192085507463 0.2665587105989914 0.26827424210573336 0.269152353534713 0.2852511182090157 0.2854270219181203 0.2982629315133204 0.29856502652803674 0.2994199213916795 0.30050387279708224 0.3022086479997137 0.30463213386706467 0.30513932497036966 0.3052158348453117 0.30648514507632907 0.30839967408273894 0.3085185438274175 0.31119854672075287 0.3130575738993323 0.3183488581522933 0.3234324886952188 0.323871068931709 0.32396293251141817 0.33162526229997047 0.3322432173958373 0.3395195905315168 0.34009039010477404 0.34117312096731534 0.3448852887919859 0.34488831219266414 0.34498944820402866 0.34674644116163267 0.3483350858874058 0.35592704164226596 0.3574966508909828 0.36011348254674946 0.36837143565734 0.3807196576036077 
