CART
0.6118375266571037 0.6414876133666078 0.6415023474178403 0.64416836640089 0.646062271062271 0.6515064287085013 0.6525259067357513 0.6604864342918333 0.6617211967460515 0.6658500326634176 0.6671052631578948 0.670542404274955 0.6714156960621187 0.677563281457007 0.6808856426444578 0.6816912733237978 0.6825390516901301 0.6833321423819605 0.6879705275288146 0.6909090909090909 0.6911792337619604 0.6956005494125437 0.6956487445684627 0.6963384724566819 0.696893583349319 0.6975535162122333 0.699485041121581 0.7042070678618582 0.706405398921909 0.707081363405196 0.7093225246091488 0.7101061706713498 0.7111352133044107 0.7112420011634671 0.7116565641203487 0.71173128342246 0.7119924879065702 0.7121540665784767 0.7151848409906826 0.7170231729055259 0.7189304795233162 0.7203362247375095 0.7213783974846018 0.7252659713829535 0.727069351230425 0.731996353691887 0.7337446941512155 0.7337956776905985 0.7352434295562257 0.7353594780083043 0.7394506311399041 0.7415791325110825 0.7418054651951602 0.742139301871725 0.7436963645210928 0.7457817705854355 0.7462445650227727 0.7794268167860798 0.7981568910877189 0.8050240341416329 

ABE0
0.5246960331794827 0.5740373857637828 0.5752212389380531 0.5753559155621012 0.5769012807435113 0.5826749430510283 0.5882222578071106 0.5930555555555556 0.6001883861597797 0.6004936029922361 0.6028966153931312 0.6033969419564453 0.6050357685161607 0.6059486935112383 0.6064555214577253 0.6078414662154489 0.6081975213030035 0.6093297347034644 0.6102777275739502 0.6131999117397737 0.6146092160266288 0.6171413502109704 0.6182530034324942 0.619699353284453 0.6219641146057879 0.622393601828049 0.6275071633237822 0.6288754356998715 0.6294895163316216 0.6352374169040835 0.6354306113342258 0.6358305853114468 0.6403212851405622 0.6404320410804648 0.6418532392457929 0.6428510016335653 0.6439432205141729 0.6473075125752206 0.6488455503250392 0.6492690961498867 0.6497605958503281 0.6501584951846222 0.6508415451979204 0.6553066515799457 0.657611725197482 0.6599810963874352 0.6601298687208885 0.6602040483371536 0.6606026418464721 0.6613103403226861 0.6626338128685723 0.6676792982998143 0.6715303846363092 0.6727423537776045 0.6793838391004812 0.6898031103960774 0.6967894617286067 0.6990488756941008 0.7019451165728238 0.7316091072360573 

SVM
0.6317774896340531 0.6425707978619706 0.6492477136236039 0.6498436072712489 0.6505318981179358 0.6605276238899238 0.6611715721634072 0.6623762310687897 0.666431501048253 0.6686345147383488 0.6711610878837888 0.6732862947254882 0.6739565483452978 0.6753870945595959 0.6760618389267231 0.6847193149490961 0.6847751011621763 0.6864445201696325 0.6869665426928923 0.6902192024350798 0.6907912074876212 0.6951423889564938 0.6960575061648153 0.6962971162446268 0.6977083026951427 0.698021928164992 0.6980222259556088 0.7016404079684881 0.7020132158596584 0.7020232254866268 0.7072794222532571 0.7120438638898942 0.7124292153624336 0.7171457076887174 0.7252795088566353 0.725287744063012 0.7258227726712368 0.7291780817088461 0.7334927495478014 0.7341823073701721 0.7350138282143568 0.7380711377296989 0.7389330962372229 0.7396331523884638 0.7496262953078774 0.7522331334281062 0.7526300940991004 0.7533456157913839 0.7576319149827528 0.7630335211430384 0.7654669599041838 0.7724877436142379 0.7732335828364544 0.7737142521100999 0.7753705278205085 0.7974549289006299 0.8034090378397276 0.8075241891806879 0.8414141782870219 0.8508563175481906 

RF
0.600044314879215 0.6038084527154967 0.6109770114942528 0.6126094587286048 0.6188392238669639 0.6210775606867969 0.6214192423728099 0.6254713028906578 0.6287931034482759 0.629441230065713 0.6324829369506547 0.6331155977830561 0.6332376814346314 0.6396264855969171 0.6411229869954855 0.6475210744392056 0.6497319403918702 0.6528595974472262 0.6559317368565923 0.6572199730094466 0.6657042027590633 0.6700165222534709 0.6725473849151931 0.6745200698080279 0.675122463903925 0.677109247226515 0.6785417582954602 0.6813340126866536 0.6853438804658317 0.6855240091172441 0.6865315537893284 0.6873971701217506 0.6925206872730711 0.6955270008397554 0.6997915027839648 0.7009431889954438 0.7023022982989389 0.7033148033765699 0.7053729479476986 0.7069876875261323 0.7125354560707619 0.7143175714513876 0.7146190408565802 0.7217988672777405 0.7257689678742311 0.7262727400930757 0.7321318203169425 0.7371158392434988 0.7378705376786882 0.7453286292957009 0.752020081122415 0.7558293606677629 0.7585579317985509 0.7597533181391607 0.7635106976184688 0.764235289571356 0.7653706767598645 0.7684492542989037 0.8225064696033765 0.8237701692247147 

ATLM
0.37983217654853507 0.34017578459954595 0.4005991997565135 0.37983217654853507 0.34017578459954595 0.4005991997565135 0.37983217654853507 0.34017578459954595 0.4005991997565135 0.37983217654853507 0.34017578459954595 0.4005991997565135 0.37983217654853507 0.34017578459954595 0.4005991997565135 0.37983217654853507 0.34017578459954595 0.4005991997565135 0.37983217654853507 0.34017578459954595 0.4005991997565135 0.37983217654853507 0.34017578459954595 0.4005991997565135 0.37983217654853507 0.34017578459954595 0.4005991997565135 0.37983217654853507 0.34017578459954595 0.4005991997565135 0.37983217654853507 0.34017578459954595 0.4005991997565135 0.37983217654853507 0.34017578459954595 0.4005991997565135 0.37983217654853507 0.34017578459954595 0.4005991997565135 0.37983217654853507 0.34017578459954595 0.4005991997565135 0.37983217654853507 0.34017578459954595 0.4005991997565135 0.37983217654853507 0.34017578459954595 0.4005991997565135 0.37983217654853507 0.34017578459954595 0.4005991997565135 0.37983217654853507 0.34017578459954595 0.4005991997565135 0.37983217654853507 0.34017578459954595 0.4005991997565135 0.37983217654853507 0.34017578459954595 0.4005991997565135

CART_DE
0.5220833083269723 0.5712471114944091 0.5758994003367277 0.586417953949286 0.5877546287029272 0.5884064070420618 0.5889632414584867 0.5892910159745053 0.5929698017874995 0.597742076451864 0.5995864407951379 0.6017740609423975 0.6064922631061429 0.6074310333952263 0.6107572637432013 0.6110432528582391 0.6114482621845406 0.6127224009145389 0.6144753923126507 0.6208635360857233 0.622270699787553 0.6223424296248452 0.6242066848659956 0.6299479664966205 0.6320221405944598 0.6327102432117764 0.6341922134369075 0.6352984513718866 0.6353023791074015 0.6381334741601032 0.6386893314038412 0.6420458676626474 0.6425069856591922 0.6439335559551331 0.6448949745571085 0.6452422312294924 0.6473214285714285 0.6477870737907692 0.6479607067104083 0.6571153858648131 0.6576255617715449 0.6631744316362471 0.6633693745379061 0.66908045536341 0.669437213283411 0.6747043246868398 0.6760348760946757 0.6770440668753628 0.6830322816972596 0.6921748844496256 0.7119180667690846 0.7220628053904329 0.7328884583422358 0.7390532519874637 0.7396514076309979 0.7428478978223836 0.753595472405241 0.7682891285339551 0.7819313819569815 0.8103911414884568 

CART_FLASH
0.5202468115623747 0.5414068785197104 0.5557703679869085 0.5656751452858011 0.5687603339317685 0.5734936161598782 0.5745760050922394 0.5748873436407428 0.5751344548097822 0.5758488750093088 0.5790637103705091 0.5809646849079853 0.5828579744653095 0.5841242568488207 0.5844624570448251 0.5854070010693883 0.5868699510752077 0.5895180083746722 0.591710052062475 0.5921218291956044 0.5953856013672293 0.5957819821698931 0.5966692092550215 0.5975174884086389 0.5992493708177031 0.6007275132275132 0.6025085024308964 0.6060294020348824 0.6068709931804277 0.6091170453122221 0.6148282097649186 0.6165355376629746 0.6167074047137966 0.6171000085776828 0.6180852464618203 0.6190476190476191 0.6199433160340966 0.6265226384739141 0.6277503056194963 0.6284629516573068 0.6293968052827559 0.6297426178394572 0.6314793958820641 0.6325757575757576 0.6347880083194601 0.6383121819223968 0.6433246824814876 0.6441497607333019 0.6442614296272833 0.6454351341383693 0.6524012789150205 0.6556634853464114 0.6578098771976324 0.6590432841164664 0.665553035960301 0.6668643847110906 0.6689905753968255 0.6847843756419989 0.6864681707810845 0.7717162999742213 

