CART_DE
0.28447121820615806 0.2863614687649022 0.3298454383805225 0.34397244546498285 0.3449316170555109 0.3572679509632225 0.37609001406469766 0.38249286393910564 0.3996763754045307 0.4200960219478739 0.42434210526315785 0.43559239920331594 0.45680175934652834 0.45830632966083384 0.4681335356600911 0.48121645796064394 0.48313809016684417 0.48526606425702823 0.5028248587570621 0.5084745762711863 0.5137729923732616 0.5141321656050954 0.5169340463458112 0.5253705318221447 0.544229149115417 0.5499297999297998 0.5572043010752687 0.5583886675520141 0.5651260504201682 0.5663540778630294 0.5671097211363043 0.5700824499411072 0.5713229859571323 0.5765099979385694 0.5766405484818804 0.5793421414808697 0.579684317718941 0.5829414476717382 0.5978947368421053 0.6027282644383016 0.605033504753 0.6129127358490567 0.6217228464419475 0.6322463768115942 0.6585587220911236 0.6715065663272834 0.676856750930825 0.6884855152181886 0.6908683019644143 0.7013947590870667 0.7099409895596913 0.7145557655954633 0.7196914332115307 0.7262528047868362 0.7326095697627664 0.7342615012106537 0.7405973451327434 0.7432719151312116 0.78418131359852 0.7843894899536322 

CART_FLASH
0.05724170009884322 0.10881742738589195 0.2850378787878789 0.2964855433698903 0.3229080364540182 0.3681908548707753 0.3765121236344259 0.37906097018246554 0.38677494199535967 0.3902973395931143 0.39145907473309594 0.4087758945386065 0.41613331723221836 0.42286348501664817 0.4523285972034281 0.4587434973989595 0.48370020497281896 0.4988407449638921 0.5058456742010911 0.5131206788183533 0.5167682926829267 0.519622012229016 0.5268552685526855 0.5461711711711712 0.5522763262074427 0.5534037558685444 0.5546875 0.5574229691876749 0.5593002459199643 0.562933975516757 0.5689900426742531 0.5823023130715439 0.5893407783982 0.6075241908575242 0.614296388542964 0.6300959232613909 0.6467649857278782 0.6484578223708659 0.6503415300546449 0.6545505304299274 0.6676190476190476 0.6811749842072016 0.6835633626097868 0.6866695242177454 0.6953760162601625 0.6965601965601966 0.6991400375939849 0.6992117117117117 0.6993930905695612 0.7037863656100738 0.70564369900272 0.7133838383838385 0.7136778115501521 0.7159190502748787 0.7166591827570723 0.7239302409205322 0.7328179475519175 0.7388523391812867 0.7663173377459093 0.7873605046094129 

CART0
0.01483924154987648 0.03904170363797699 0.06510934393638168 0.08127721335268501 0.09167912306925752 0.09515765765765771 0.1038385826771655 0.11843409316154607 0.1291847183930681 0.143598615916955 0.16499068901303526 0.17309269893355206 0.187793427230047 0.19363686231486554 0.21153846153846145 0.2933011466505734 0.30210684725357384 0.30472940029254014 0.31276696725201736 0.31852741096438575 0.32355406538139164 0.33333333333333326 0.36899563318777306 0.3764510779436153 0.3792372881355932 0.382315249893208 0.3844086021505376 0.39692101740294505 0.3996509598603839 0.4146514935988619 0.4157014157014156 0.42040256175663315 0.4215202369200395 0.4285154719937331 0.43424317617865993 0.4378378378378379 0.4392831016825165 0.4489519945909398 0.45021645021645007 0.4607358594179022 0.4694960212201591 0.4735599622285174 0.47404505386875617 0.4757709251101321 0.48102466793168863 0.4826966292134832 0.5024844720496893 0.5030826140567202 0.5048076923076923 0.5558823529411765 0.5665427509293681 0.5705474171164224 0.5824665676077266 0.5908450704225352 0.5985991379310345 0.624669603524229 0.6610169491525423 0.7111416781292985 0.7134011499336577 0.831603229527105 

RF
-0.5902083333333332 -0.12729357798165153 -0.11018518518518539 0.06042595344229795 0.13026819923371646 0.15485564304461952 0.24505021520803438 0.2666883046629882 0.2864125122189637 0.2949427833148761 0.3257433977957994 0.3332102866986587 0.33347883020515046 0.3387688544639217 0.3580399423512457 0.36229166666666657 0.37797133006713846 0.37799263351749546 0.38228749443702725 0.3855007473841553 0.39324618736383443 0.4005476723923326 0.40588744588744585 0.40869959220661534 0.4247491638795986 0.4282896590588898 0.42840038314176243 0.4456407955735008 0.45677300046232083 0.48057813911472447 0.49093333333333333 0.49869994799792006 0.4999470731449137 0.5033530571992111 0.5076335877862597 0.5149253731343284 0.5196122974405573 0.5199161425576518 0.5225645813881108 0.5348419540229885 0.5354676710608914 0.5403857745629898 0.5472252848217567 0.5498431088583151 0.558226768968457 0.5616872819536949 0.5640911782119598 0.5712314591238359 0.5902335456475585 0.597061098221191 0.6156903404181787 0.6250488472059399 0.6426872770511296 0.643761012333814 0.6474324079114497 0.6498831527512215 0.7190402476780187 0.7466274221241108 0.7714776632302406 0.8662258392675484 

SVR
-0.2863865949012263 0.03351522769492088 0.11772205182229734 0.1511726634425411 0.16139357422900313 0.16197773331185816 0.1684261527098152 0.17961163209447006 0.18866684566823 0.19407979832382483 0.2126250667422549 0.21669831517481797 0.2242864965738003 0.22763630581059868 0.22799251277169252 0.23330439027792693 0.23885473346531283 0.23959790394054192 0.24058307179151062 0.24068043908324932 0.24155921481965592 0.24517700931582098 0.24726668544028252 0.2585858811192865 0.2722313898238877 0.28173772753390525 0.28254960191049316 0.28404645671111994 0.2844287026802653 0.2907387379369738 0.3045677553283396 0.3089654438983508 0.3260859187704688 0.3286156417952071 0.3464787286948744 0.3569725524048407 0.36480292362723166 0.3704081966193876 0.37282957072548684 0.37587250551897633 0.38027302341258384 0.38181557777453623 0.3820557302635039 0.3848324895583819 0.38714060140136053 0.43474611336889357 0.44781682673399603 0.4547651102593623 0.4666883695633971 0.4723362411500013 0.48240870848295103 0.49087992004723535 0.49931837455334904 0.5167604945455299 0.5293581042405964 0.5503774435972082 0.5590481985416249 0.5740829838577952 0.5763462076572998 0.7032368865759527 

ABE0
0.21643087614792766 0.2957076440696291 0.3155694879832811 0.3221247563352826 0.39360119047619035 0.40014524328249823 0.4128423040604343 0.4155251141552512 0.44277474195506983 0.4552572706935123 0.4599033816425121 0.4606562137049941 0.4706994328922497 0.4713825070536076 0.49063416835928675 0.49289225455028574 0.4978571428571429 0.5068422411567259 0.5070962792481779 0.5110346804241904 0.516044531761624 0.5231107850330152 0.5303784860557769 0.5330296127562641 0.5407925407925408 0.5416444681228911 0.5426058273776801 0.5453578079276404 0.5453939696818257 0.551365409622887 0.5607176581680832 0.5622179239200515 0.5661503710874476 0.5727217863608931 0.5899814471243043 0.5902420430722317 0.5907534246575342 0.5925520262869661 0.5981116584564861 0.5983524211372313 0.5996033892193979 0.6031014893290343 0.6056229539765069 0.6066849816849818 0.6157718120805368 0.6245155038759689 0.627133402995472 0.6295264623955432 0.6296296296296297 0.6308243727598566 0.6309698451507743 0.6320835473377846 0.6350467289719626 0.6446759259259258 0.655110426296867 0.6581897730380093 0.6606498194945849 0.6610854503464203 0.6701923076923076 0.6747815230961298 