CART
-0.45512517713745826 -0.3851732473811442 -0.2558694057226705 -0.2511052166224581 -0.23295213892418465 -0.05600914435009785 0.03670039444349171 0.13641304347826078 0.24216193126495844 0.24626500122458972 0.25333921723402797 0.2634781139090756 0.2788857920122838 0.2802631368343551 0.30332098970530696 0.3085134690938688 0.3313406923555232 0.3317990135705001 0.3330912911149906 0.35332800355852645 0.35531258512235453 0.35970912410334865 0.3654682064669166 0.3660192659967293 0.37378137072710327 0.37422684496154734 0.3927226353381561 0.39340197987381675 0.404811861798853 0.40697872340425534 0.4164002557544756 0.42612811181164245 0.43468198579517703 0.4598007414272476 0.5017788319003853 0.5048001786112972 0.506029106029106 0.5208902772354549 0.5224990702863518 0.5245266139853884 0.5388675623800383 0.5496289923647704 0.5699868938401049 0.5700893511059031 0.5708289611752362 0.5733048760466262 0.5800531914893619 0.594716362891665 0.6032830523513755 0.6067288020004546 0.6169379144062689 0.6391569324530217 0.6481765246705485 0.6613344132833856 0.6638101516150297 0.6689980481457385 0.6715955983493811 0.675109087459685 0.6806196440342782 0.6870771700493064 

ABE0
-0.21777777777777785 -0.164881088063217 0.036542739116619205 0.08246558946738491 0.14647710270477088 0.17144355120587207 0.20430916396748133 0.21308594062483577 0.2182084774800528 0.2222222222222222 0.23759824764849913 0.24353998281927014 0.2523607176581679 0.26500054448437327 0.26790292170452856 0.2781784387301902 0.2833099579242635 0.31434951640602216 0.3152800307570216 0.3287506029908345 0.3287506029908345 0.35884573121207775 0.3618113779005504 0.36349579162542234 0.3645210904550351 0.36974077544282347 0.37111445664479503 0.37370447142434127 0.3773181786304336 0.37930946776935826 0.3813542018872518 0.4004582484725051 0.40548734273154474 0.40690352146400743 0.41144795329217776 0.4178060675349289 0.4179743770916521 0.42340510366826145 0.43331985806045903 0.4566938579654509 0.4699468447594384 0.47472991431764566 0.4911753859122281 0.5200441198843755 0.5350568847563972 0.5409320759874265 0.541358074930143 0.5563660221527535 0.556475254354199 0.5870358716173694 0.5883408071748879 0.5982768446813502 0.6037681472675529 0.6406318368775706 0.642374313476975 0.642374313476975 0.667878315807694 0.7608365596295452 0.7747703612982241 0.858592769985175 

SVM
-0.786086487557037 -0.5486335067478199 -0.48370117338517593 0.0074039556008472784 0.05978197322704493 0.11301667643349067 0.12636392997715074 0.12859756915597398 0.12918751270645723 0.13404349992947906 0.13758240588669768 0.1602089018560503 0.18536151001578505 0.19003596610482487 0.19525978393070076 0.1981372493863488 0.2006029102647383 0.21270409125251322 0.21877930376790622 0.21986513799159857 0.2199252538609573 0.22818861826850378 0.2498435378933903 0.2520304827420259 0.2553653446943426 0.2609608316249411 0.26293582868400833 0.26418236120834004 0.27420157412513757 0.27772648695873026 0.30499002950749754 0.35693422061026214 0.36315229393925175 0.36524870990216374 0.37149336340867956 0.3763135249661437 0.3899163725939304 0.3914628292075021 0.39340368030495454 0.40038139464061784 0.4193089713795952 0.42604748675782944 0.43249514750408635 0.43427084058179155 0.434908708668132 0.4384274283210725 0.4398375860474072 0.4544795200213242 0.45479839660314847 0.474023851446279 0.4745255499058928 0.4822945217784739 0.5067412367153958 0.5074191791537748 0.5161000930482216 0.5350205013359601 0.5481019944218145 0.5550896646346988 0.613212234711063 0.6783173406046441 

RF
-0.7810694170141173 -0.6775061500615005 -0.5522352328909708 -0.1285311062135095 -0.07708987046423688 -0.03816381638163824 0.027116895725251222 0.05365781523966473 0.1793202111390657 0.260493451354196 0.26999055753236856 0.2828625816741269 0.29386248410278704 0.2948396320574034 0.29666115282364114 0.3083516723234164 0.33939291962473295 0.34711189565558487 0.35184775810891766 0.352268916906858 0.36055456718419876 0.3656343150705982 0.37197891244050707 0.37456015216357597 0.3761723399583645 0.38345209210249276 0.3863886827249624 0.40158141662486335 0.40764551465246224 0.40956554671860623 0.41373565346168095 0.420089887564426 0.4251673887357227 0.4582787504552349 0.49145119962730033 0.49803921568627463 0.5248647935628545 0.5267325826238214 0.5364202203717722 0.5390307793058284 0.5632441588203059 0.5722204225605585 0.5773738130934531 0.5827760338474138 0.5964167154852569 0.5964371724040232 0.6190846824408467 0.6245618826528289 0.6257252326217844 0.6305922772425125 0.6515049567128695 0.6565837263511682 0.6619315862519389 0.6783854166666666 0.6816561557444475 0.6933560477001703 0.7046320727059513 0.7090461612341676 0.7304459064327485 0.799374532599089 

ATLM
0.214001682011 0.520158206759 0.274446575482 0.238081101946 0.504395248243 0.293457507076 0.178290057486 0.50607730803 0.336899058704 0.154422771464 0.523762863791 0.328024298901 0.166196305047 0.52189309728 0.27590106625 0.142301439853 0.490986364001 0.295658278012 0.227226390895 0.492165658981 0.275231627932 0.240796209266 0.501450755989 0.292623412106 0.199396793718 0.512977670425 0.271260583223 0.194578221485 0.540313090346 0.295972802869 0.248600493044 0.526360390337 0.275250761918 0.244186189099 0.514854784289 0.284831792031 0.21152249847 0.531258435397 0.271976264288 0.221104421404 0.511940200044 0.297126428993 0.140478759856 0.526027017924 0.314547946182 0.164182562782 0.516346127787 0.26373097837 0.181745367392 0.515854606136 0.29850399252 0.225417431683 0.49438746757 0.254373558434 0.158449127028 0.542046929052 0.312164412396 0.159018482228 0.534297246939 0.321505508612

CART_DE
0.044909421540869965 0.19991799477048633 0.2699156126849197 0.29213437087947736 0.2942540847941997 0.3122304694631739 0.3147802201378628 0.3225459756388822 0.3315766172805067 0.3337503141970293 0.3523361845624875 0.3693795862702647 0.3698124318121776 0.3753290153107971 0.3862871629407697 0.388961384742321 0.39135020446429136 0.3963943594993842 0.4067711787863364 0.4091847786271937 0.4098045872734053 0.4318314129010514 0.48635068635068623 0.4917573688207193 0.5039465919150192 0.5201648186994308 0.5331934976402726 0.5395238960566964 0.5443495730788548 0.5449861774315157 0.5541273584905662 0.5601405736311076 0.5741872402835493 0.5899473560674646 0.6103812722244171 0.6150963351266844 0.6252734525801056 0.6335569737631592 0.6431292008961912 0.6518633821973705 0.65306330341984 0.6616352201257862 0.671895143962183 0.6802593839630877 0.6846534424561892 0.6892383126215234 0.6985509480499461 0.6993365878082363 0.7098401365823372 0.7110691031295946 0.7147730437204122 0.717513539618476 0.7232375979112272 0.7238012709416521 0.7350484020686912 0.7407822367080872 0.7469122543228439 0.750890167077513 0.7828627572654876 0.8387422771403353 

CART_FLASH
-0.20419287548138665 0.08384975859130939 0.11768643956333025 0.13247929799378422 0.1330749945997607 0.21649076517150412 0.23205967276227135 0.23631586169045016 0.24117326149552643 0.2487423705584565 0.27850154375517744 0.28786358947911284 0.28839863926935194 0.29133614837942834 0.29469504205776753 0.29897692182184055 0.3256431907694669 0.33046747324156556 0.3325043699786603 0.337228725503091 0.33836011740851435 0.3453444083183038 0.3481752222805069 0.36308692852543456 0.3765748964430574 0.3892067124332571 0.39966909256311123 0.40971047259696247 0.42041548940892703 0.42754041432163814 0.4282237719208287 0.4371151342650682 0.4374794307315989 0.4411924783928989 0.4569349569349569 0.46862962962962973 0.490512438949939 0.49746029845981965 0.5066402811958673 0.5084486798937666 0.5212614083965799 0.531971296677179 0.5326439232409381 0.5337845791642142 0.5767578292578293 0.5777896359539902 0.5871010935059139 0.6153380041658778 0.6448952316230603 0.6450242571255306 0.6483647115616702 0.6488507419260985 0.6493231046931408 0.6608285348688421 0.7037653698851039 0.7399308914996543 0.746861169837914 0.7600586470267322 0.771542224372413 0.7724889436009665 
