CART
0.16241393276630212 0.16241393276630212 0.16241393276630212 0.1717770034843206 0.1717770034843206 0.20694444444444451 0.24320457796852646 0.26583407671721676 0.26583407671721676 0.31946250541829213 0.362089914945322 0.362089914945322 0.362089914945322 0.362089914945322 0.36684574059861863 0.36684574059861863 0.4351972258344169 0.4351972258344169 0.4351972258344169 0.4351972258344169 0.44649681528662416 0.44649681528662416 0.4635456638526477 0.4635456638526477 0.4635456638526477 0.46496815286624205 0.46942675159235664 0.4745222929936306 0.4994246260069045 0.4994246260069045 0.545993031358885 0.5516041747197525 0.5516041747197525 0.5516041747197525 0.5516041747197525 0.5516041747197525 0.5516041747197525 0.5793939393939396 0.5793939393939396 0.5793939393939396 0.5793939393939396 0.5958188153310104 0.6125483199524234 0.6125483199524234 0.6125483199524234 0.6423927178153446 0.6777777777777777 0.6777777777777777 0.6777777777777777 0.6777777777777777 0.6962910115505143 0.6962910115505143 0.7663707543506335 0.7663707543506335 0.7663707543506335 0.7705295471987719 0.8640915593705294 1.5809669992325401 1.6547756041426924 1.6547756041426924 

ABE0
0.15668789808917194 0.2825902335456476 0.2825902335456476 0.2936812484011257 0.2936812484011257 0.2936812484011257 0.32996332639508374 0.3416592328278323 0.3416592328278323 0.3416592328278323 0.36225319396051103 0.3768057243148373 0.3875000000000003 0.3875000000000003 0.46351683282762607 0.46351683282762607 0.46351683282762607 0.46351683282762607 0.46387921022067363 0.46387921022067363 0.46568414968935123 0.46568414968935123 0.46568414968935123 0.46746031746031746 0.46746031746031746 0.47758420441347277 0.5111507582515611 0.5246031746031745 0.5246031746031745 0.5325819968212686 0.5711602369599769 0.5768738807879252 0.6625735482220515 0.6935174530111237 0.7024320457796851 0.7230533179900269 0.7331798413916601 0.746562991995617 0.759920634920635 0.759920634920635 0.7633294975067128 0.7731439253686863 0.7852152212719714 0.7859677958295328 0.7859677958295328 0.7859677958295328 0.8016161616161616 0.8016161616161616 0.8055768738807877 0.8658730158730157 0.8658730158730157 0.8658730158730157 0.9171461449942461 1.000808080808081 1.112962962962963 1.1761616161616162 1.2363636363636363 1.2363636363636363 1.6566523605150214 1.8577777777777775 

SVM
0.30789671159907733 0.31920476134950415 0.3559880780523602 0.3652777116998386 0.36567967189328526 0.44467246354187273 0.4454272401324542 0.465949131899792 0.46696702693595094 0.4884735930753698 0.4895846246329327 0.48968289678640065 0.5014695154189804 0.5237763889061321 0.5515720967091953 0.5566303659575612 0.5581122955486058 0.559716668186008 0.5627506231816203 0.5632436120594971 0.5632436120594971 0.5660851000989994 0.566174020708307 0.5662626336632027 0.5711849470170978 0.5750168385012849 0.5887635591681719 0.5888122580600558 0.5942495938997708 0.5944241319195448 0.5946723574248236 0.5946780425893864 0.606907755616255 0.6336362081952769 0.6336761579657808 0.647221351510744 0.6502842445287337 0.6686814218378683 0.6767427772786271 0.6768936765176028 0.677795434837183 0.7012176961581321 0.7086670322152102 0.7088511516209127 0.7091844244897809 0.7095466219504752 0.7401184387341149 0.8699195370810108 0.8701418545540933 0.8765241630579498 0.9899132499341433 1.0752167419366137 1.2341650215799034 1.2348719255983456 1.2354549837670423 1.235638584341066 1.3072103895528848 1.3503857483025992 1.750656156279268 2.316117869127589 

RF
0.11093931194433702 0.1324840764331209 0.13972125435540067 0.1717770034843206 0.18928571428571453 0.2161616161616161 0.21620370370370365 0.22608781841609682 0.2289725934926421 0.26774069812044493 0.29996134518747597 0.3067363530778164 0.3126984126984127 0.31946250541829213 0.3416592328278323 0.34529616724738676 0.36684574059861863 0.3698513800424628 0.37656689690457923 0.3829403427393377 0.4207484467562491 0.44457230533179903 0.45265392781316344 0.45881104033970266 0.4713375796178344 0.4833141542002301 0.48528099910793937 0.49697690554068785 0.4969769055406879 0.4976851851851851 0.4979049270336657 0.4994246260069045 0.5031977487848551 0.5042623898280595 0.5147532534467206 0.53970080552359 0.5516041747197525 0.6226262626262627 0.635890767230169 0.6402254009536194 0.6527777777777778 0.6537356321839082 0.6854622171077867 0.7061118335500649 0.712037037037037 0.7430108400839271 0.7430108400839271 0.7526513509608438 0.7859677958295328 0.7859677958295328 0.8250000000000001 0.8289247515751386 0.8833333333333335 0.9175757575757578 0.9406060606060606 1.0821181887950881 1.128448275862069 1.1962643678160918 1.5005747126436781 2.0686868686868687 

ATLM
0.7550433476112535 0.45313678746451397 1.0050466532702151 0.7550433476112535 0.45313678746451397 1.0050466532702151 0.7550433476112535 0.45313678746451397 1.0050466532702151 0.7550433476112535 0.45313678746451397 1.0050466532702151 0.7550433476112535 0.45313678746451397 1.0050466532702151 0.7550433476112535 0.45313678746451397 1.0050466532702151 0.7550433476112535 0.45313678746451397 1.0050466532702151 0.7550433476112535 0.45313678746451397 1.0050466532702151 0.7550433476112535 0.45313678746451397 1.0050466532702151 0.7550433476112535 0.45313678746451397 1.0050466532702151 0.7550433476112535 0.45313678746451397 1.0050466532702151 0.7550433476112535 0.45313678746451397 1.0050466532702151 0.7550433476112535 0.45313678746451397 1.0050466532702151 0.7550433476112535 0.45313678746451397 1.0050466532702151 0.7550433476112535 0.45313678746451397 1.0050466532702151 0.7550433476112535 0.45313678746451397 1.0050466532702151 0.7550433476112535 0.45313678746451397 1.0050466532702151 0.7550433476112535 0.45313678746451397 1.0050466532702151 0.7550433476112535 0.45313678746451397 1.0050466532702151 0.7550433476112535 0.45313678746451397 1.0050466532702151

CART_DE
0.05565476190476204 0.05565476190476204 0.08363636363636354 0.08958333333333324 0.09908516943692809 0.10510328068043749 0.11916376306620205 0.15625 0.16241393276630212 0.16241393276630212 0.16666666666666666 0.16666666666666666 0.17421602787456447 0.18792102206736344 0.2018419033000766 0.2062146892655368 0.20694444444444451 0.22823129251700672 0.2441212121212123 0.262251923855812 0.2626262626262627 0.2730862697448359 0.275959595959596 0.275959595959596 0.27886354851178974 0.28854166666666675 0.31375796178343945 0.31375796178343945 0.31660606060606067 0.31751592356687897 0.31946250541829213 0.31946250541829213 0.34155923344947725 0.34826373838077346 0.35175236633410084 0.3558330855387056 0.3587631845109088 0.36684574059861863 0.3690065713181291 0.3698089171974522 0.3773298656263545 0.38214920757634335 0.3859872611464967 0.4351972258344169 0.4372023809523809 0.44649681528662416 0.4522747546833185 0.45932668689495726 0.45932668689495726 0.46103164282618114 0.46199575371549895 0.46942675159235664 0.47139141742522755 0.5840277777777777 0.6962910115505143 0.7705295471987719 0.7751487839900298 0.812879862007929 0.8690476190476191 1.1847019698132515 

CART_FLASH
0.057482993197278835 0.08949494949494957 0.10264672036823937 0.10870797893884165 0.1301587301587302 0.15272727272727266 0.16344599303135876 0.16344599303135895 0.16559233449477345 0.1961986062717769 0.21439191198334825 0.2169696969696972 0.2211055276381909 0.23252525252525275 0.25 0.25909439754412894 0.262251923855812 0.27513430544896395 0.27513430544896395 0.2773809523809523 0.28376306620209046 0.28646464646464653 0.2952988403211419 0.2994915254237287 0.30628159381504605 0.31577806675335923 0.32265536723163846 0.3619444444444443 0.36501742160278744 0.37209396516808413 0.37273885350318475 0.37430303030303025 0.38133333333333325 0.39044585987261143 0.42818471337579617 0.44114649681528656 0.4503672207189795 0.4592269037495169 0.45932668689495726 0.4605095541401274 0.492063492063492 0.4994246260069045 0.5031465848042975 0.5031977487848553 0.5221745350500715 0.531252709146077 0.5736149825783972 0.591614629794826 0.6038888888888887 0.6981155778894473 0.7344916960923319 0.7808333333333329 0.8932540291634685 0.9276190476190478 0.9713046815042208 1.2295775862068967 1.2645775862068969 1.2856120689655175 1.2932844827586207 2.166440476190477 
