CART
-0.3855646796147343 -0.26172812165504 -0.21396387541184714 -0.04042119190694082 -0.031931303990127446 0.03117880814232099 0.04462271815645802 0.12221890301715743 0.12833829060636093 0.17672085021272255 0.19782146914982957 0.2206936006756205 0.22296683395022965 0.22824696218344254 0.23277981549405358 0.24749555991502903 0.2536163987740816 0.25757707842966326 0.26387333352284026 0.29990769828675057 0.3118339719743798 0.3167438513048376 0.3318372548410158 0.33405275247173183 0.3421054382171961 0.3465336119721174 0.3541951151704458 0.355138024525828 0.3570909246428877 0.3601542039107224 0.37044669439639033 0.3764935295160432 0.3856740442655935 0.38719314196648913 0.393536295483635 0.39722180383544603 0.40385421030582325 0.4106200702767545 0.4233360942259907 0.4290921303476002 0.4307762899929086 0.43253723451132453 0.4335435436849765 0.4441940448520636 0.4537403967071405 0.45862165777608954 0.4638109046689194 0.46526466481060236 0.4691302491103203 0.472082538199479 0.47572102699023333 0.48313674178807176 0.4920252405562059 0.4952550536857956 0.5089983744871893 0.5285714285714287 0.54117960816494 0.5421154779233381 0.5478002206481282 0.5488356622759386 

ABE0
-0.12326621687730754 -0.026739015335837113 0.1256647549784765 0.16012864638633328 0.21879857906552513 0.22512811803842037 0.22814540241390213 0.22836963087057127 0.24393845197388875 0.24751835568136427 0.28598292231131295 0.3166039314094521 0.3202243289231518 0.33022456947789447 0.3312995845664345 0.33250548830592264 0.3367950388779656 0.34699086710831106 0.3501629367215089 0.3521468715635706 0.35360874516533636 0.3547924963702146 0.35783143611732815 0.3651390770119417 0.3656339455624621 0.3704896234880942 0.3736155321010406 0.380989130669975 0.38259507161166373 0.3843063817721041 0.387093268554625 0.38815894691517494 0.38940044561173537 0.3943578098721966 0.3997847840638532 0.40592156698914394 0.4060673084969004 0.4079525517412703 0.409518201051277 0.4155800494680979 0.416414640375284 0.4173800771387923 0.423580786026201 0.42413510964542467 0.4289947014091743 0.43088303282478047 0.4355657846553561 0.43917657239149266 0.4466236197875656 0.4689771151319937 0.4799457319581404 0.48552650182556123 0.4922711546250844 0.49332784608261737 0.4976877983760183 0.49820452062088494 0.5047004515896778 0.5553050722862044 0.570890166840057 0.5725166365048378 

SVM
0.06068278731943577 0.14965883815582315 0.1673223276882876 0.18140336281055747 0.1939329221630346 0.19739353740354504 0.21613961983544883 0.21732014904626218 0.22789964390001027 0.23111820298531494 0.23320785404764566 0.23335022134641514 0.2385852858076667 0.23929270960655458 0.24377994827986593 0.2460014179522153 0.2513190021237798 0.25203258671650375 0.25336992619838417 0.2537701587860529 0.2572312236086215 0.2573050821665901 0.2614716737266817 0.26343037635955235 0.26741782398877434 0.2693962990342864 0.2698785326003659 0.2917193319577739 0.29618549380297543 0.2963194458312298 0.3012704349949836 0.30253365173552793 0.3072659890329539 0.30727437284131576 0.3136376846944552 0.31691930978185456 0.3179354181752909 0.32678197004190845 0.32947400847775177 0.33757127191619085 0.34371605219761503 0.35064133456345614 0.35298150164996356 0.3539851134709856 0.35539427642932175 0.35862198871582907 0.3630208972563048 0.3710986685764658 0.3734149388792918 0.37831519743299036 0.3850896828268455 0.38533950158995556 0.38923330191827654 0.38978899573253967 0.3991517061438218 0.4020947629795617 0.40535907649050784 0.44376418611101953 0.4815539750731672 0.4899106106231448 

RF
0.1410069798229746 0.1883995077401387 0.2306578538590235 0.2833479012057002 0.29259730797818706 0.29464676502951304 0.29653156124534774 0.3114011355101316 0.3334086874055776 0.3418773408239699 0.3423166828496421 0.34519253054690924 0.34572198191552383 0.35205573367209075 0.3754000503019267 0.3785577760374166 0.38185881740341265 0.38913049461892046 0.3922878644228489 0.39381422928050447 0.39566830873670744 0.4006285101548981 0.40747707317073145 0.4089996436162766 0.4149617583675598 0.42049241726530373 0.42286720912675113 0.4228983796094675 0.4253126516434963 0.43145175192667473 0.44220565134177836 0.44539777589097607 0.44676462516898663 0.4476386202450031 0.45231310609350117 0.4539114013441351 0.4599759369480467 0.4621904033473556 0.476036313418306 0.47730617296047706 0.4811143088658526 0.48181835586349975 0.4847143149168627 0.48569231506532995 0.4886751033658431 0.49352171545757173 0.4944576405384007 0.4971084857885528 0.5104836763539837 0.5136102568062006 0.5458896121242922 0.5586754137087537 0.5589444012334441 0.566564605021433 0.5738540323002619 0.5766425604667793 0.5770975529128088 0.5792984145667255 0.5910833386702775 0.6007598150811488 

ATLM
-1.08784393684 -1.17983917134 -0.0815579074103 -0.992667451557 -1.19837784401 -0.129706834791 -1.15356416224 -1.17438864619 -0.193780617392 -0.953360999872 -1.30824697631 -0.129204719641 -1.10687107498 -1.32591151631 -0.0991548541475 -0.995825814606 -1.21281651458 -0.146235629042 -1.07138725803 -1.07900052136 -0.193205746222 -1.07636977199 -1.22362167041 -0.117839286532 -1.0243703333 -1.21177728912 -0.26303437277 -0.996967521953 -1.40156947968 -0.103843396922 -1.10650391026 -1.3335749725 -0.146853808113 -0.853794490034 -1.24024949364 -0.205330479726 -1.07178415232 -1.21330192917 -0.188887974647 -1.15707147414 -1.10119534283 -0.197082527396 -1.18771641205 -1.27772109979 -0.230129455149 -1.09488440028 -1.18430511268 -0.172570218213 -0.945371922101 -1.14368681844 -0.161464021185 -1.1042748097 -1.18691264069 -0.080708282167 -0.88596799351 -1.37957861313 -0.179218700863 -0.852178822969 -1.22763501875 -0.14778580228

CART_DE
0.32871988700632127 0.3384016832744452 0.35067422155045036 0.3602218921728799 0.3992779664952225 0.4062234036158111 0.41054205231019925 0.41222447836797194 0.42055697034481376 0.4225483650195466 0.4252077971302748 0.4261561362121443 0.4381888889898692 0.4384064282721357 0.4390289298887151 0.4393499841588341 0.44045548323029426 0.44328656846134185 0.4532441171725331 0.45324894793551396 0.4575318294076036 0.4748363814810438 0.48178081233441206 0.4939144129846106 0.4970015102335227 0.500656592617567 0.508486118271634 0.5089406428752872 0.5092019603166904 0.5104998038307267 0.5116961032305418 0.5358237758877842 0.5392646870323539 0.5398815927317124 0.5441351713563647 0.5443567895867577 0.5471585758645297 0.5474450168639269 0.548543087697782 0.5507741892316568 0.5615018558013676 0.5665933359324566 0.57822612076907 0.5796134108879527 0.5979603574842042 0.5988718335176666 0.6034344878869271 0.6036130377582258 0.6087218674475847 0.6132050518238708 0.6140851967984708 0.6326540232336899 0.63933588136038 0.6454060342112694 0.6484181498488355 0.6523309364470569 0.656000530639248 0.6585398684720392 0.6674158699923244 0.7029775760147807 

CART_FLASH
0.3497608699000666 0.3866221389687652 0.41005623980946226 0.4198133025996331 0.4360027407617427 0.43941869002492917 0.44666270450099055 0.4653353379111409 0.4697340554636563 0.4726309236029709 0.4728368319270535 0.4872731583043667 0.488870843160784 0.4898704762641949 0.490233677201081 0.49719128247262 0.49840482999682256 0.5074424897169834 0.5114831935289212 0.5146051281110966 0.5177949677036887 0.5225197476541377 0.5244958747639519 0.5307999286135119 0.5324391993457334 0.5337386482453976 0.5342881768720114 0.5379771771887675 0.5441917568338461 0.5453975413365484 0.5455733776821566 0.5541513638553743 0.5541583852726912 0.5590608398585324 0.559096366657262 0.5631053510614112 0.5684911247345434 0.5699273180139912 0.5740712058849955 0.5747839714903327 0.5747899877196143 0.5757824842022117 0.5761047812792635 0.5797365112520885 0.5813160977565788 0.5840231738536823 0.5932759262584906 0.6057504369565748 0.6156899402263767 0.619219893329157 0.6236488239768008 0.6331114674087865 0.635132498513777 0.6588557631783024 0.6648662202592963 0.6664995453407961 0.6844897915952477 0.6849892421368513 0.6990530975817093 0.7009215086431144 
