CART
0.34624413145539906 0.36644736842105263 0.36644736842105263 0.36885245901639346 0.36885245901639346 0.38028169014084506 0.396011396011396 0.4008470893827674 0.40348837209302324 0.41486740080838075 0.4320594479830149 0.43964294083810906 0.4407964008806356 0.4447248864209995 0.45487583282858873 0.45765656085755857 0.4628456417361828 0.46565898636229786 0.4663888888888889 0.47058823529411764 0.47058823529411764 0.47058823529411764 0.47058823529411764 0.4742268041237113 0.48206992617023503 0.48902712977363055 0.5013698630136987 0.5031972943200876 0.5038352196534892 0.5157593123209169 0.5235361653272101 0.5300070586656848 0.5313964386129335 0.5354816044225011 0.5380016305824803 0.5406185567010309 0.5433333333333333 0.5487821394942602 0.551445048976414 0.5522551905324835 0.5539724980901451 0.5564931506849315 0.5567651632970451 0.5677944824190562 0.572258066430827 0.5734660668134393 0.5806703037162382 0.585387323943662 0.5883623427772837 0.5918604651162791 0.5932112914874242 0.5979310344827586 0.6133640669723144 0.6162618613502975 0.6288659793814433 0.6621343692870201 0.6797402597402598 0.6918604651162791 0.808925796644522 0.8799994804967868 

ABE0
0.2405881831871734 0.3135220125786163 0.3603572650276555 0.3995670995670995 0.4042635658914729 0.40646546320671934 0.44355575868372943 0.44355575868372943 0.44688809096349486 0.4490014532807671 0.45366428118488994 0.45454054054054055 0.45454054054054055 0.45527065527065524 0.461577641952343 0.4758431877905802 0.48978212176183 0.4969388177288947 0.49933142311365813 0.5029239766081871 0.5048206890474932 0.5238144329896908 0.5292771464646465 0.5336124734901502 0.5451012139552376 0.5535540482342807 0.5570229593578631 0.5613720568901638 0.5627282423749904 0.5687966600322227 0.5740284241978864 0.574838071535688 0.5852376599634369 0.5858110193982475 0.5951963969735099 0.5967153284671532 0.6024070882095013 0.6034795602518945 0.6070589068330547 0.6086821705426356 0.6123899421687744 0.6132751937984497 0.6140374403261277 0.6169958108916815 0.6169958108916815 0.6201107544897286 0.6280645558703954 0.6280645558703954 0.6458809523809523 0.6489159031116756 0.6504837412584439 0.6511171171171172 0.675672198636305 0.6767169179229482 0.6831362402537557 0.7068141236103911 0.7128621623178388 0.7764811490125674 0.8411949685534592 1.1149814000676361 

SVM
0.3541479327912621 0.41729088473049103 0.44878951757958696 0.451195253458524 0.46269979095490466 0.46543565551816435 0.46600498524658646 0.4660376610769865 0.46829963993308205 0.47203522788647523 0.47569942679884203 0.4822505212887382 0.4899622648816726 0.49411389847815623 0.49927608870575846 0.5031414603547034 0.5031495659451471 0.513543287703173 0.5237482485573843 0.5237771060623251 0.5306015249613373 0.5312827805087916 0.5373074658138591 0.5392755957799962 0.5393091406272945 0.5412053547951718 0.5493620597384764 0.5504185721844567 0.5553816422800133 0.5566107026640815 0.5680477656543947 0.5714676270811692 0.5714993632850777 0.5733942195250169 0.575235330677242 0.5767706987259295 0.5768118003469043 0.5781355359270497 0.5818152602557862 0.58649504714684 0.605952647536734 0.6147056518284946 0.6147215068477979 0.6229120844635976 0.6252728201020995 0.6256093574746245 0.6356788543459058 0.6384088536366136 0.6443146684090837 0.646188633540769 0.6611482419836976 0.6832066375665135 0.7238701877631305 0.7518330755872819 0.755535710965241 0.7660643972140747 0.818333759682611 0.84091394303161 0.8749814179139586 1.2992707958330207 

RF
0.26286984962705917 0.27131700956244564 0.3012002834617769 0.3288316151202749 0.3490582339726974 0.35010309278350515 0.3553504325493376 0.36215474394500524 0.3648333333333333 0.38253881278538804 0.38574561403508784 0.3904470182827606 0.40828402366863903 0.41253561253561255 0.4134974515533649 0.4216076277072678 0.424457593688363 0.4317857142857143 0.4335377446145489 0.4354607386159914 0.4418365547046599 0.45118849499167896 0.4527858977765967 0.4652335624011803 0.48011363636363635 0.484985384002126 0.48927875243664715 0.499248094767924 0.5002740271313538 0.5024817020412684 0.5075553560742071 0.511128264505339 0.5120207927225471 0.5149350649350649 0.5202465295777893 0.5222222222222223 0.5222888719117419 0.5352989152849956 0.5400641703077909 0.5422493127763833 0.5424658392879529 0.5472779369627507 0.5486813328187315 0.5567734465457352 0.5639484978540773 0.5765405405405405 0.577022882755367 0.5917898193760261 0.5973883161512027 0.5987480722126463 0.6008910898120727 0.6073354746294441 0.6478900060938453 0.6543627450980392 0.6692673929248456 0.6746712407089767 0.7253642987249543 0.7293172690763053 0.7385798756743686 0.8763478786324388 

ATLM
2.8219048019302413 3.2916368311930575 1.0806537748611735 2.8219048019302413 3.2916368311930575 1.0806537748611735 2.8219048019302413 3.2916368311930575 1.0806537748611735 2.8219048019302413 3.2916368311930575 1.0806537748611735 2.8219048019302413 3.2916368311930575 1.0806537748611735 2.8219048019302413 3.2916368311930575 1.0806537748611735 2.8219048019302413 3.2916368311930575 1.0806537748611735 2.8219048019302413 3.2916368311930575 1.0806537748611735 2.8219048019302413 3.2916368311930575 1.0806537748611735 2.8219048019302413 3.2916368311930575 1.0806537748611735 2.8219048019302413 3.2916368311930575 1.0806537748611735 2.8219048019302413 3.2916368311930575 1.0806537748611735 2.8219048019302413 3.2916368311930575 1.0806537748611735 2.8219048019302413 3.2916368311930575 1.0806537748611735 2.8219048019302413 3.2916368311930575 1.0806537748611735 2.8219048019302413 3.2916368311930575 1.0806537748611735 2.8219048019302413 3.2916368311930575 1.0806537748611735 2.8219048019302413 3.2916368311930575 1.0806537748611735 2.8219048019302413 3.2916368311930575 1.0806537748611735 2.8219048019302413 3.2916368311930575 1.0806537748611735

CART_DE
0.2441128533693025 0.25448432246461805 0.2596286472148542 0.2626589883859467 0.26960084033613435 0.2840875912408759 0.30572439444797245 0.31438740940863674 0.3157894736842105 0.3190629022163064 0.32447674418604644 0.32638076673164396 0.33526759900169806 0.33588704981041245 0.3399167603744524 0.34143404584446635 0.3435461384680134 0.3473042977377313 0.34954153560528667 0.3536036444815507 0.35586235985452414 0.3563636363636364 0.36046046617915906 0.3624186758515116 0.3632781012091357 0.3633545558918693 0.36421486056522556 0.3660392300111918 0.36897313470842885 0.37342888930480167 0.375767131594906 0.3772840531561461 0.37775126003670656 0.3799484154684645 0.3800232741260008 0.38144612317582627 0.3887241513850956 0.38908145585152887 0.3921034263560037 0.4065801056338028 0.40878656264869967 0.41120830082269033 0.4138827733639641 0.4163636363636364 0.418490853114715 0.4229667973319534 0.4235769944341372 0.42568958419102515 0.429607132906102 0.4394233324475153 0.4415277777777778 0.447146299483649 0.4499925280199253 0.4810799008643016 0.49401453858834943 0.49474086823484414 0.4961288197018367 0.4980771252302443 0.5003833333333334 0.5239291392232569 

CART_FLASH
0.18786855578117032 0.20512017446176684 0.2364932892027648 0.2374264705882353 0.25557283566614825 0.2597875816993463 0.2598222222222223 0.27076023391812865 0.2751260351732092 0.2799297833368929 0.28025379308819326 0.28183712675707795 0.29097678251786063 0.29692167172727046 0.2987254289921885 0.3034153005464481 0.3045353460475772 0.30569027371777835 0.30961127209829953 0.3132535772929861 0.3153076120959333 0.33299726027397264 0.33414436334144365 0.33439463644524237 0.3438719862227325 0.3464599165841794 0.3479510008208625 0.3487617277818588 0.3510848126232742 0.3533041726409787 0.3575627432559388 0.3619704254740089 0.3682511737089202 0.36956467995643255 0.3786301369863014 0.3786979694354381 0.38045454545454543 0.3816304177749961 0.3828289936664321 0.38321738033553593 0.3856349206349207 0.3859561970694719 0.39045631860654995 0.3967169152853097 0.39739221904732 0.4008447043534763 0.40557088536884733 0.4055731516588573 0.4255057856281451 0.4379278847668857 0.4427967950642679 0.4457836530153793 0.450562724083057 0.4559896907216495 0.4623448664911621 0.4736879004847172 0.4769049330421008 0.4934438317517313 0.520003842218582 0.5221940393151554 
