CART
0.023878622759219703 0.07457664394106 0.07794527023478137 0.17330370876773205 0.21273891913242093 0.23805437974297372 0.23857738923107497 0.24698285151319233 0.257039937670117 0.2700170667053995 0.2758528294953454 0.27598994343180383 0.2790697674418605 0.2798042414355628 0.2996359563147577 0.320619729725517 0.32114600158786655 0.3303056269637247 0.3314451087505188 0.3346159430811674 0.3453834301291928 0.3488359994797763 0.3511184834123222 0.35228747987744713 0.357332291688082 0.35740534258837575 0.3624968974931745 0.366930969717717 0.3793831041537463 0.3825145478548828 0.38582895101024084 0.3878170237405907 0.38813940217965603 0.3908080172721554 0.39305563198151106 0.3941456599337212 0.3962873074279948 0.4026430680451223 0.40742396760450494 0.41402456098243934 0.41768320268480663 0.4204913061059442 0.42063576521382195 0.4216023778736838 0.42565405130810263 0.440671228164061 0.4426880862274627 0.44618818913617 0.44872067776405966 0.44976422107991 0.4553231616724219 0.4562575341382922 0.45798838623612037 0.4722259522850365 0.47374356026267495 0.49673202614379086 0.49676791547925214 0.5093391079449372 0.5457081865311869 0.5459734468769906 

ABE0
0.2669753086419754 0.2719871268145714 0.283163392014532 0.29796497705483316 0.3008758371973209 0.31975553039013127 0.33372009880395204 0.3465679066136558 0.3477908502635825 0.35098603134331396 0.3525647800313212 0.3589112143430161 0.3591409459274981 0.36593002486603854 0.36596352826845013 0.3835089384591047 0.3914324000888577 0.3954684122270037 0.40225657574714957 0.4165704662099018 0.42053994490358126 0.42610595753452907 0.42758503053252805 0.428366299044483 0.43018320254383147 0.4307902343169848 0.4325945945945947 0.4334601278852578 0.43664718781775624 0.43690565565565576 0.44069775250138177 0.44105750183545955 0.44518932464939265 0.44724085748274267 0.45392124194966876 0.4541775718563581 0.4654675151734152 0.47082880087498746 0.47093337810861735 0.47195251000129057 0.47288390168500427 0.48482829124228555 0.4879930824126141 0.4901247756185124 0.4909659247045892 0.4987733865315145 0.5006916403470196 0.5036814524349151 0.5086196602629056 0.526903689669068 0.5321284466495244 0.5345930539935212 0.550822255046775 0.5560985321532643 0.5635401087291978 0.565686621991796 0.5734496335710311 0.5882805757073877 0.5974758594885521 0.6125008614154779 

SVM
0.2742434179332376 0.27533562096830033 0.33874760126955306 0.3662113029883851 0.3684053029350165 0.37061867274477656 0.3724496010192152 0.37272414019455724 0.37614317528081076 0.3774141979219101 0.3832903398374634 0.3866903791143962 0.38800120369972313 0.38857717196769626 0.3895555253164994 0.3896406468400423 0.39490665281808335 0.3968431231406627 0.4001681106415502 0.40185529510822027 0.40314609607166774 0.408011423148687 0.4133901627621209 0.4139042458730262 0.41787912862368093 0.42010045098294624 0.4203147589288414 0.421981451934594 0.42202994367341395 0.4245874651732401 0.4256898015694447 0.431506034380974 0.43257667823855195 0.43291790735658087 0.43760469316341366 0.4390041800969371 0.4397377323397318 0.4410137072488566 0.44190898173870385 0.4439229954408933 0.4457504668182337 0.4533487141707413 0.4545626305181728 0.45637147569313363 0.4569427461726364 0.4580484535675592 0.46234687454467216 0.464088929522517 0.4680203479540599 0.4703341449577365 0.47061888261200646 0.4742968290959769 0.4821624900492464 0.4938937197175196 0.5084433789537592 0.5134069405316773 0.5174364064328176 0.5351286746582342 0.5853939342828391 0.5892308265029222 

RF
0.19077822120866583 0.1919776793592901 0.2155683771839022 0.2329395229745902 0.3058839868767229 0.315652225448942 0.32181875797772297 0.3405172761847852 0.35172967000276234 0.35737597420371714 0.36330699566736346 0.3712077855018938 0.37433225182709007 0.37575922400507633 0.37949928270627986 0.3904209533015718 0.39591963052897217 0.4027966536800459 0.4052761221407505 0.40913191312192065 0.4105096684937005 0.41226352990090787 0.4147534030201071 0.42583291923996114 0.4263153333224998 0.42683678133508207 0.4371415759378562 0.4395693592122163 0.44436526317873193 0.4527700462804717 0.45519172589067425 0.45723012236964755 0.45819242192607235 0.4589334095567559 0.4605221877505491 0.46568976489001257 0.46962280083553964 0.4782550548743282 0.48291038218977955 0.48382162923549954 0.4842282014504524 0.4842919221907931 0.4893053486920914 0.4923794905189389 0.49477162780432216 0.497835347902885 0.5031318281136198 0.505461889321069 0.5174368771621831 0.5256058459719786 0.5362503139914594 0.5364749818863742 0.541565185423464 0.5504103643513307 0.5521457297517436 0.5550800364933233 0.5558000455799259 0.5600292333798155 0.573476635976636 0.5766905896747567 

ATLM
0.286160433118 0.412003662732 0.366036707594 0.292804585008 0.428036077915 0.377362800441 0.268764072389 0.411953726685 0.385763862735 0.280075226725 0.39129365219 0.377221541771 0.275155314036 0.404079653618 0.382716897876 0.344579622261 0.398233802631 0.383798157465 0.297587717842 0.395648039933 0.380696683055 0.267139988341 0.39209460243 0.349807579226 0.308816473402 0.415088863476 0.404302889787 0.316731473965 0.42812501494 0.381388274772 0.277767567003 0.406025182005 0.340612230732 0.309639204229 0.411920739583 0.373248353904 0.326718868984 0.395810311126 0.345970131718 0.273450950802 0.38674600498 0.344984230095 0.28328679542 0.373668515836 0.357395550303 0.293026647975 0.433736725564 0.371080236103 0.328775393686 0.383426061345 0.363933044403 0.286801783024 0.383722464333 0.330402570803 0.293545815417 0.365416022531 0.394797257962 0.287256414609 0.41583712538 0.374526170798

CART_DE
0.27903783856313125 0.3065847750467878 0.34956310503419574 0.37220261517300335 0.38043370704420465 0.4022437346627249 0.4181640684320572 0.42079546389096145 0.42554477321737905 0.4300680183973571 0.4318958230412574 0.43237178073045235 0.435922213055157 0.44250415900135376 0.4474527523304308 0.4503067833200771 0.47339877080689974 0.48649783245660627 0.48843909266154384 0.4889527380352402 0.5008451674922563 0.5040921176591064 0.5062800643682779 0.5165741214465607 0.5187774333844344 0.5190338256953877 0.5218917092725663 0.5237505799485429 0.527037894026443 0.5318580710140262 0.532589160963689 0.5363487373182358 0.540624000956035 0.5417571992367074 0.5422660899180098 0.5480621573805353 0.5501701842197024 0.552837381862619 0.5528551012728073 0.5549712716360367 0.5592815588821636 0.5618415672230624 0.5643645145670901 0.5653489262720404 0.5654899828953417 0.5655939810568862 0.5666172558119689 0.5668342409061207 0.5683067936357409 0.5686845167229544 0.5758421519380568 0.5839976064289641 0.5849239616170714 0.5863186946674819 0.5865288470042167 0.5962010390320597 0.6107328390578505 0.6215168985331923 0.639635079458505 0.6450404674503895 

CART_FLASH
0.3771637272692059 0.3872825571495455 0.4064739391087926 0.41177668250894783 0.4165711414194211 0.41869280608253945 0.43238582313396745 0.4403369485346358 0.448941324555576 0.451937053296539 0.4561235677242932 0.4567757009345794 0.45695451840353973 0.45938052576281985 0.4606364441397436 0.46238923399940035 0.48226792875920743 0.4892486851990985 0.49195220354537383 0.4982112330665066 0.5053468515265058 0.517457815938918 0.517991230937433 0.5191826808569313 0.523645020958655 0.5236514077426246 0.5281123468812464 0.528927068551776 0.5321391947101581 0.532263362852876 0.5346827205836427 0.537975780630354 0.5388229423339976 0.5412379817052069 0.5415709902691 0.5436417230372179 0.544473137505646 0.5547013699220937 0.5605574713310963 0.5626350461133072 0.5650972126945156 0.5734877873840245 0.5784935285952397 0.5791872189394429 0.5820452823873773 0.5828073510773131 0.5851176025965943 0.586966507721639 0.5871847712817565 0.5921281711789862 0.5928795881435938 0.5945080212160243 0.5958086241249729 0.6008829485250033 0.6151509659578989 0.6158458984930046 0.6172482005815338 0.6173163178324351 0.6232880754247252 0.624377819085207 
