CART
0.26440410418310967 0.2986815984567244 0.3015527950310559 0.3351275463188821 0.3418676288353511 0.3432366326038641 0.37057220708446864 0.37590477056250826 0.38186813186813184 0.3823590262114024 0.39976256949912903 0.4017857142857143 0.40234397720002324 0.41467660581172167 0.4163263937778672 0.43387978142076505 0.4342261904761905 0.44516811893861075 0.4491242802303263 0.4530807181689725 0.45322311421985534 0.45408163265306123 0.47042961904069647 0.47126436781609193 0.47552083333333334 0.47682103968069445 0.48128342245989303 0.482174688057041 0.4844439762966185 0.4861612515042118 0.4880285351201479 0.49019607843137253 0.49308062575210587 0.5012594718477071 0.5017825311942959 0.5174333982241139 0.5255651536078532 0.5337198229989357 0.5339438231927446 0.5547892720306513 0.5559107559107559 0.5562560620756547 0.5727816833674344 0.5727941176470588 0.5757575757575758 0.5757575757575758 0.5824829931972789 0.5839309569007944 0.6056220575506155 0.6072931276297335 0.6082184482184483 0.6154864328259431 0.6262958670815121 0.6453846153846153 0.6847708189645987 0.7322661472346894 0.7585636766044137 0.76496138996139 0.7658517175609788 0.7714531211641038 

ABE0
0.20854105571847503 0.27734877734877744 0.32044522554188637 0.33009126579008863 0.3328473960344765 0.3562773910801753 0.35936975692254003 0.3618976530005942 0.36363636363636365 0.36426863666779297 0.3677206653610304 0.36800271496445536 0.373169302870533 0.3774774774774774 0.3821966255678131 0.3858767858767858 0.3904028977558389 0.3920116341991342 0.4137392661982826 0.4137392661982826 0.41739766081871343 0.4203869047619047 0.4274474618434351 0.4639675729694338 0.46513462262473115 0.4764550264550264 0.486650224324886 0.4917955930614159 0.49317757405992696 0.494765965667605 0.5014645577035735 0.5026398157264583 0.5043656590674455 0.5089605734767025 0.517942423779323 0.5184987570641545 0.5188558343951397 0.5225798356233138 0.5340916107321121 0.5360688285903376 0.5360688285903376 0.5376204018161181 0.5378731785333491 0.5389678905292801 0.5403419440304686 0.5425407925407925 0.5428109991924859 0.5524861878453039 0.5591304347826087 0.5619756651050438 0.5662935555390882 0.5711083816342658 0.5718475405380923 0.5736148028605785 0.5821548821548821 0.5839818741384173 0.6095764272559852 0.6312843812628108 0.6435006435006434 0.6778985679758034 

SVM
0.2052083633265829 0.3035628403123657 0.34400603448107187 0.34991272628595704 0.35846349651336995 0.3668221709289151 0.3702025003717944 0.3730725199031231 0.37385910694763597 0.3854308399806576 0.38904233939320304 0.39776976484738163 0.40400886798107205 0.4141513894157479 0.41493089353817425 0.41605691242998816 0.42129140674402177 0.42238193342324737 0.4291129864624805 0.4315885907470467 0.4360612027429431 0.4435018959850168 0.44368429280947597 0.4615851510324446 0.46403556064311047 0.4659166311275672 0.4659345150002032 0.4666894024248299 0.4674081760940645 0.4765117584925672 0.4778564334326905 0.48047781680274043 0.483659747967801 0.48435075146689743 0.49601951460767163 0.5014145011502096 0.5090656560939727 0.5146493394249758 0.5240010561879604 0.5318506454459612 0.5360900594656615 0.5378450185514603 0.5378859897751356 0.5390930629190827 0.54224122146171 0.5428008797177956 0.5449457139216622 0.555844470775622 0.5602297021188838 0.5631288586026164 0.5905873652669595 0.5945066108968088 0.602804146953369 0.6071660963511629 0.6112473705578902 0.6142018810230343 0.6560904776940518 0.6591124496451035 0.6671164696776405 0.6704419471398336 

RF
0.26972512125350556 0.29629629629629634 0.3204968944099379 0.3222305969055545 0.3393164904034469 0.34061284887371845 0.35449069759414586 0.3741334832361579 0.3872526102540128 0.39221762523392956 0.40027322404371585 0.4069353022841395 0.4079201152371884 0.4098138702487526 0.4102202145680406 0.4113322924798335 0.4114207524880379 0.4189311594202899 0.42941401642097693 0.4456139158085216 0.4461984560437031 0.44786410517530495 0.4481206322361557 0.45072836332476435 0.45077220077220076 0.45408163265306123 0.4561210847975554 0.4623188405797102 0.46234472049689446 0.4642535508439687 0.46471600688468157 0.46938341509358456 0.4716636197440585 0.4756895788774983 0.48148148148148145 0.4839967686276707 0.4876649454962707 0.49491721316318094 0.49524383520683246 0.4986919183003239 0.5059523809523809 0.5076241849835316 0.5096715192034166 0.5103902788165375 0.5132995977682626 0.5294384057971014 0.552167504512149 0.5614543114543115 0.5799981303751713 0.5825536062378168 0.5846422079240778 0.5850392946395074 0.597841156664686 0.6049747156630014 0.6140350877192983 0.6256256010447421 0.6272401433691757 0.644419905374954 0.6985645933014354 0.7325335119790208 

ATLM
0.5421098070401453 0.368417319644223 0.5381408904278735 0.5421098070401453 0.368417319644223 0.5381408904278735 0.5421098070401453 0.368417319644223 0.5381408904278735 0.5421098070401453 0.368417319644223 0.5381408904278735 0.5421098070401453 0.368417319644223 0.5381408904278735 0.5421098070401453 0.368417319644223 0.5381408904278735 0.5421098070401453 0.368417319644223 0.5381408904278735 0.5421098070401453 0.368417319644223 0.5381408904278735 0.5421098070401453 0.368417319644223 0.5381408904278735 0.5421098070401453 0.368417319644223 0.5381408904278735 0.5421098070401453 0.368417319644223 0.5381408904278735 0.5421098070401453 0.368417319644223 0.5381408904278735 0.5421098070401453 0.368417319644223 0.5381408904278735 0.5421098070401453 0.368417319644223 0.5381408904278735 0.5421098070401453 0.368417319644223 0.5381408904278735 0.5421098070401453 0.368417319644223 0.5381408904278735 0.5421098070401453 0.368417319644223 0.5381408904278735 0.5421098070401453 0.368417319644223 0.5381408904278735 0.5421098070401453 0.368417319644223 0.5381408904278735 0.5421098070401453 0.368417319644223 0.5381408904278735

CART_DE
0.2226006812262072 0.22952917413046728 0.2297077922077922 0.23828757933153538 0.24590022154055896 0.24960753532182103 0.2598566308243728 0.2662004662004662 0.2698024580783201 0.27143127609204765 0.27168105526314484 0.2743377218749699 0.28320926478050257 0.2863509636143907 0.2925824175824176 0.3038681204569054 0.3067146858312625 0.3122662459093034 0.31733220050977057 0.3252236374592202 0.3267737962246856 0.32704938799262484 0.3299668532487606 0.3312281782706921 0.331342503732139 0.333333067703685 0.33627496435398735 0.3399122807017544 0.3419990947198552 0.3495483170382364 0.3517378263145795 0.353664336940199 0.35900447427293064 0.3594180825379634 0.3616302803705737 0.36474477872986466 0.36868266923540344 0.37069917807764197 0.3718809980806142 0.37202380952380953 0.37277312113174177 0.3743577159037282 0.37466124661246614 0.3896156215934405 0.4008070207190336 0.40761724712900127 0.41638726616343946 0.4183080808080808 0.4196780846484936 0.4228651319958726 0.42296469215056903 0.42392277139903956 0.43424312363690254 0.4383152173913043 0.43854638337396956 0.4565481514589763 0.47649963171413456 0.5066886409235117 0.5221370300262306 0.6055267305064425 

CART_FLASH
0.24250214224507288 0.26578939078939073 0.267075569358178 0.2687319884726225 0.26876876876876876 0.2690669763840495 0.2726100282914883 0.27281248063456653 0.2770808364735282 0.2785520712349981 0.2831069313827934 0.2903204878681718 0.29211695447409736 0.2955044699872286 0.2960960960960961 0.29793428793428794 0.3049500454132607 0.3094372387509221 0.31938135818747054 0.32206847986203424 0.3330650414333119 0.33393441528083884 0.33647859030692817 0.3381776953205526 0.34333070244672453 0.3463105963105963 0.34667852187630666 0.3473549543185342 0.3488669590643275 0.3521718255934141 0.35291982622592244 0.3533796643344994 0.35424143360008803 0.35558127417141766 0.3639336630782659 0.3658899013066708 0.3687167782473013 0.3694995571007079 0.3738581496566524 0.37649613899613904 0.38009164969450104 0.394705174488568 0.3993491510336321 0.4056209454796411 0.41262691604556323 0.4148750347125798 0.41739533011272145 0.42387579558752175 0.4243089969241285 0.4277925172367177 0.4285257642233469 0.43167264344262296 0.433749257278669 0.43634596695821176 0.44318941556270874 0.444420335183882 0.44539604718860115 0.4456038713831995 0.46963236528453917 0.5220710714131768 
