CART
-0.17016177351707618 0.012500000000000067 0.013859275053304754 0.05564648117839621 0.07889822595704943 0.09805653710247342 0.11389236545682091 0.11921296296296313 0.13677666188426596 0.13764404609475045 0.14106939704209331 0.16742969260954876 0.196236559139785 0.20242914979757076 0.20314960629921253 0.23308641975308642 0.24899919935948756 0.2622950819672132 0.3014135886912904 0.3015564202334631 0.31948255586044694 0.34402460456941997 0.355868544600939 0.3638470451911935 0.37135278514588854 0.380354505169867 0.391709361900326 0.40007000350017496 0.4026563006154844 0.409438775510204 0.41326530612244894 0.4134007585335019 0.43612060926328877 0.4363327674023769 0.43673731535003213 0.47011445527766005 0.48071216617210677 0.48405985686402087 0.4860853432282004 0.48646723646723644 0.49766454352441625 0.4979973297730307 0.5031796502384738 0.5205572545022087 0.529128808123998 0.5397260273972603 0.5470536499560246 0.5530726256983238 0.5555555555555556 0.5751211631663975 0.5775309696710809 0.5861655337864855 0.5875370919881306 0.596165739022882 0.6020710059171598 0.6026392961876833 0.60431654676259 0.691829484902309 0.7658128593831678 0.8248218527315915 

ABE0
0.2911912837907288 0.2949206349206348 0.3609415867480382 0.37884872824631854 0.3822746731458986 0.3854891901795531 0.395306859205776 0.39979231568016604 0.40013610071452865 0.4138012525109299 0.41466912517926646 0.4148802017654476 0.4196049921240762 0.4212004212004212 0.4251712527574596 0.4290318581876782 0.431484593837535 0.44495669181335573 0.4554986588636917 0.4582517938682321 0.4602320296615239 0.4602700781805259 0.46187514397604235 0.4656203288490284 0.469710272168569 0.47609454740800417 0.47641831852358163 0.4973664409330324 0.5031873329220644 0.5058027079303673 0.5142589995324918 0.5268648930620761 0.534637326813366 0.5357450473729544 0.5435961618690028 0.5544186046511628 0.554956169925826 0.5699168556311414 0.575075075075075 0.575459317585302 0.5784365625551438 0.5790386951240674 0.5795681364543639 0.6002839900603477 0.6242697379402437 0.6257536606373815 0.6389658356417358 0.6532016756433273 0.6563706563706564 0.6567717996289424 0.6584034923604616 0.6605574646811758 0.6619878066071174 0.6634332745443856 0.6688637790332705 0.6778639104220501 0.6808510638297872 0.6950819672131148 0.6965065502183406 0.7032839290903807 

SVM
-0.02003956703177523 0.030416095256801112 0.15653628914791307 0.1573110844587131 0.17980675606991525 0.2045118372546243 0.2091594291493707 0.21408796827539378 0.21448565921021479 0.21555752160312203 0.2274640722436977 0.23104658570801095 0.2354812022135524 0.23601775644049605 0.2389992968342829 0.24008920276808288 0.2404827609419019 0.25054028430287 0.25904809877673607 0.2602741498959128 0.2603753364206247 0.2618564728954954 0.2649002468258671 0.2672348422060944 0.28249896445236633 0.2827878061823256 0.2860140144881327 0.2916460127722259 0.2924134440682078 0.29328036974587046 0.2999067313706172 0.3022261612562811 0.3083928491438158 0.31227580613520545 0.3358500740351461 0.3360957169975358 0.3404116323555675 0.35101332307362965 0.35429349456880577 0.3546103771109915 0.3729610313600886 0.37670645805873915 0.3824418365040584 0.4070474797166753 0.42216764107603266 0.42301666070768995 0.42428681314072114 0.4301041984684104 0.4533210463756071 0.47116317217193593 0.49144852962041186 0.49292673065832926 0.5014023974790358 0.503175157000808 0.5057106233079305 0.5063424931248068 0.5216606146550822 0.5452001899498966 0.5624005562626286 0.5710969719408141 

RF
0.08237347294938901 0.10599350457632128 0.12259234081123971 0.17885304659498213 0.21936936936936924 0.2804518033628546 0.28434974283615 0.2873134328358208 0.30853735091023227 0.312603062426384 0.3131907860758184 0.3168957154405819 0.32163573085846864 0.3269123394751532 0.33757868540477254 0.33909319155220774 0.350782653323069 0.3663994655978624 0.37526599073726374 0.38041206330247845 0.3875356594250605 0.38863463005339427 0.3941860465116278 0.40340094242982993 0.44078144078144066 0.45235975066785405 0.46203346203346185 0.46831432192648936 0.47942817294281714 0.4869875222816399 0.4891891891891892 0.4906171406461598 0.4918809201623816 0.500768049155146 0.5190864600326264 0.5218360071301247 0.5368603642671292 0.5485714285714285 0.5599415204678362 0.5756052992233897 0.5796040141036074 0.5950122936424307 0.6102536810360121 0.6144496961512492 0.6263982102908277 0.6293014325801211 0.6307721069358758 0.6311986863711001 0.6331152491192753 0.6382775119617226 0.6539440203562341 0.6558766859344893 0.6737815723941658 0.675095160413268 0.676058931860037 0.7176888888888889 0.7384809215262779 0.7417102966841186 0.7425697302240513 0.7998266897746966 

ATLM
0.34244358393 0.277969475337 0.420040395381 0.334868626279 0.305824345055 0.450062824718 0.339403599619 0.316017528391 0.436953277533 0.306038603334 0.291200844097 0.452558568093 0.332209697916 0.310566997127 0.437327729557 0.353074369193 0.292246317026 0.469849678595 0.346520943022 0.31415451667 0.491846496489 0.350452540931 0.333096569371 0.444233075602 0.348672102129 0.279569450119 0.447830175379 0.271944431647 0.29224002823 0.47110902445 0.339075076317 0.282726691354 0.467002788713 0.273880562401 0.324759475569 0.449035380262 0.335956816664 0.3320843783 0.447160827349 0.298236328918 0.311974408371 0.486127148827 0.339920434596 0.283696389291 0.443529732719 0.349459288865 0.311425229794 0.442272404337 0.343524367859 0.312396105499 0.454059261968 0.345963129059 0.305900966887 0.420100707035 0.363042859028 0.29939289176 0.444942176876 0.344226692383 0.331308714576 0.497705372937

CART_DE
-0.027680991095625274 0.08823529411764719 0.2537147926369484 0.32879952690715564 0.34152139461172737 0.34475022434938674 0.3889686527877485 0.3966968911917098 0.3992133882377784 0.42609422492401217 0.4274376417233561 0.4403954802259886 0.44412840308817536 0.4649232106635759 0.47377993331312507 0.47589098532494767 0.48364717542120916 0.5056415929203539 0.5108590554109333 0.5175217812197481 0.5187497449708247 0.5325749228188253 0.5347309101155255 0.5354745925215724 0.5489082969432315 0.5570652173913043 0.5610993657505285 0.5626494890193521 0.5639307649357901 0.5865511971472237 0.5872208085948544 0.5873570658036678 0.5941489361702128 0.611085801063022 0.6132197414806111 0.6143804611011685 0.6169754697286013 0.6403984739296312 0.6451443569553807 0.655451127819549 0.6616921269095182 0.6622318310327624 0.6691814409656733 0.6692482055156781 0.6703414484764967 0.670515852163251 0.6724035608308607 0.6790084388185653 0.6837411862297803 0.683910932529717 0.6925162689804772 0.6951256433545263 0.6974741676234213 0.6993483412322274 0.7049820645675569 0.7053471667996809 0.7088493986716927 0.7096539162112931 0.7117852975495915 0.7714517108726463 

CART_FLASH
0.19825313117996057 0.3452121871599564 0.3533568904593639 0.3656310679611652 0.3744374437443745 0.4155272670124154 0.431320504313205 0.4532122905027932 0.4829489603024575 0.493958573072497 0.5151856017997749 0.5243986782448321 0.5286300246103363 0.5434731934731934 0.5439153439153441 0.5447702834799608 0.5518115942028985 0.5529782160798205 0.5743138270326256 0.5764051681840485 0.5817663817663816 0.5840065828845002 0.5873264528811893 0.5902466450648793 0.6013001343312223 0.608887952822241 0.618879749314532 0.6207815052142229 0.622749391727494 0.6330285751736794 0.6460970464135021 0.6476335877862596 0.6565816899150234 0.6582109479305741 0.6693359375000001 0.6943600135089496 0.6943633952254642 0.6944586530264281 0.6947513812154698 0.6957008508732647 0.6957272334915839 0.699650058967964 0.6999301773495321 0.7009152719665273 0.704849946409432 0.7159218569907063 0.7252083333333333 0.7256410256410257 0.7261915198270068 0.7318548387096773 0.7330265295073092 0.7456953642384105 0.7471539002108222 0.7641177363070853 0.7658672615727831 0.7751582278481013 0.7754311111111112 0.7792934782608696 0.7928402566700439 0.8024109014675052 
