CART
0.22872872872872874 0.23550394656952034 0.2839257503949447 0.3624149659863946 0.37000000000000005 0.3725956284153006 0.37323675181090354 0.38045680604162835 0.38372549019607843 0.39463963963963966 0.3980278157774738 0.40707992057582526 0.4106398104265403 0.41335443037974684 0.4140435080720563 0.4261941056910569 0.441171875 0.44267987249544627 0.4506465517241379 0.4583884115443931 0.4621285529715762 0.4719605534294966 0.47800546448087433 0.47835443037974684 0.4836605528287264 0.4870902765061344 0.49786724927174364 0.5052396762813862 0.5067340572319875 0.5215040366789594 0.528844050743657 0.5346310877806941 0.5397058823529413 0.5398341367024939 0.5463809772667886 0.5507424960505529 0.5537899203915373 0.561320408313138 0.5658078341473138 0.5762977544473608 0.5959112327101383 0.609643179765131 0.6218996062992126 0.6231496062992126 0.625 0.6463623700846459 0.672518975668582 0.6753978312913673 0.6754584987710341 0.6764513312963771 0.6833342131193694 0.6858660130718954 0.6860711497713838 0.7471175736212088 0.7629444355867347 0.7757668646131499 0.7904840513339368 0.7934392134619022 0.8720833333333333 0.9079959852793577 

ABE0
0.21166249567641254 0.26790935672514615 0.3000069070313579 0.30263157894736836 0.308753635525289 0.31246205221615064 0.31430186546071237 0.31580359656531526 0.3249913304820254 0.32631410707582575 0.3266436207669163 0.3449397264563142 0.350267791777444 0.36382161458333334 0.3673863787818207 0.3682575392361669 0.3736774114173229 0.3878268512414853 0.38927845528455296 0.40186373907652934 0.4081857487320196 0.4137590334236675 0.413783570300158 0.41983050847457626 0.4345462821645648 0.4345462821645648 0.4357484179258686 0.4415138337429886 0.44448869021112364 0.45230855855855856 0.4527006172839506 0.45995282354597955 0.46862168290739725 0.47336237865932895 0.4770338983050847 0.48086287146437523 0.4831099267872524 0.4953041825095057 0.49875 0.5148979591836735 0.514938630490956 0.5164250534336958 0.5245219638242895 0.5246369063530252 0.5271802414659558 0.534438371356147 0.5401149425287357 0.5522822822822824 0.5525223499361431 0.5525693035835024 0.5604800380228137 0.6011299385322824 0.620033641278517 0.6253378378378379 0.6519986449864499 0.6629763667619826 0.6692967075784142 0.6721813725490196 0.7557747070831833 1.1128455284552847 

SVM
0.21301631941623028 0.24616554339589564 0.24965937643837338 0.25511789515132094 0.3522975662370116 0.35426369820162973 0.36077990320988196 0.361476366635728 0.37489015507249357 0.380451853568891 0.39283996933130527 0.3964915744325105 0.4167410442888043 0.41832456159882236 0.437729812873521 0.45316908822236057 0.4539601125393349 0.46060552570507296 0.4824369933124458 0.5069485781675631 0.5091669911825196 0.5110548214975992 0.516326961770961 0.5180721570230051 0.5194981131173875 0.5232162196270452 0.5313656448319413 0.5415484115966508 0.5416684989952635 0.5485212678315828 0.5553257590177316 0.5576362831415415 0.5689409819160569 0.5747286809730088 0.5750693118911843 0.5814556987934811 0.5815540820183037 0.5836007659174048 0.590989664573477 0.6018101524046346 0.6029946906823708 0.6245898244922015 0.6273747188164496 0.6325397046663576 0.6368700638918168 0.6440727711381612 0.6554131637333895 0.6866517739240652 0.6943164519571369 0.7217797937053417 0.7242798720511285 0.7367982003574776 0.7390461162363933 0.788944389277553 0.7995237553641731 0.8081866441266049 0.8203755278865117 0.8520171058349081 0.8811936646434906 1.0747202081189 

RF
0.10916498897517016 0.2164712729691528 0.21907561356710614 0.26461509727014454 0.2724556010928962 0.2761062889397732 0.2904532599556676 0.29076985985651094 0.3039006619574393 0.3093488516051913 0.31666666666666665 0.3360505529225908 0.337653985272663 0.3429400749063671 0.3495613473360657 0.3509220962690632 0.3670411985018727 0.3891525423728813 0.39499218743255726 0.39544287548138657 0.40032867079416046 0.40273785674883145 0.40977988153436273 0.4161989795918367 0.4176965630885122 0.42490636704119866 0.4291254752851712 0.44500000000000006 0.4451679586563307 0.46157407407407414 0.46262019380278896 0.46792211385488003 0.4680088251516822 0.4681578947368421 0.4973901808785529 0.5066666666666667 0.5087952432753164 0.5112635501355013 0.5244214803038332 0.525792349726776 0.5395221756258737 0.5406910569105692 0.5660666442059328 0.5715400914464146 0.5848070220730606 0.5851888020833333 0.594789029535865 0.5957512051189681 0.603882058287796 0.6180752405949256 0.6621484375 0.677625410220347 0.7130065744284173 0.7171477691302282 0.7212466124661248 0.7585055986218778 0.7815204176500037 0.8728707610564151 0.8839396444811907 1.0589272030651342 

ATLM
1.3959245574373793 0.5258535596925684 1.442030826996087 1.3959245574373793 0.5258535596925684 1.442030826996087 1.3959245574373793 0.5258535596925684 1.442030826996087 1.3959245574373793 0.5258535596925684 1.442030826996087 1.3959245574373793 0.5258535596925684 1.442030826996087 1.3959245574373793 0.5258535596925684 1.442030826996087 1.3959245574373793 0.5258535596925684 1.442030826996087 1.3959245574373793 0.5258535596925684 1.442030826996087 1.3959245574373793 0.5258535596925684 1.442030826996087 1.3959245574373793 0.5258535596925684 1.442030826996087 1.3959245574373793 0.5258535596925684 1.442030826996087 1.3959245574373793 0.5258535596925684 1.442030826996087 1.3959245574373793 0.5258535596925684 1.442030826996087 1.3959245574373793 0.5258535596925684 1.442030826996087 1.3959245574373793 0.5258535596925684 1.442030826996087 1.3959245574373793 0.5258535596925684 1.442030826996087 1.3959245574373793 0.5258535596925684 1.442030826996087 1.3959245574373793 0.5258535596925684 1.442030826996087 1.3959245574373793 0.5258535596925684 1.442030826996087 1.3959245574373793 0.5258535596925684 1.442030826996087

CART_DE
0.13139568623658004 0.1735118120052359 0.1958333333333333 0.19977477477477468 0.2095969945355191 0.21070335040923274 0.22877770188221008 0.23355117412494458 0.2403489778401997 0.24628782008541614 0.2571078431372548 0.25996673003802273 0.26024837018140595 0.2605086564694017 0.26547619047619053 0.2655813953488372 0.2664116322204557 0.27464017185821693 0.2752834467120182 0.2806194989844279 0.2980335791359413 0.30060126582278474 0.30580149114631877 0.30672543174342115 0.3078125 0.3094452034001215 0.31168609367661504 0.3136152865682138 0.3203515625000001 0.323998087636152 0.331415805904662 0.34786543715846985 0.3542661675487286 0.355782584139008 0.35634167385677307 0.35993788465271354 0.36236338797814205 0.3798346253229974 0.38360430743243246 0.38556640624999994 0.386080086042856 0.39035524462090154 0.3924980991805356 0.39898255813953487 0.41025335320417283 0.41154626108998715 0.42318017372099154 0.42691500780640146 0.4318932192648922 0.47680441712204014 0.4998604910714286 0.5161298377028714 0.5395837148263444 0.5493103448275862 0.5665391156462585 0.6141639344262294 0.6307134402317358 0.6436111111111109 0.6986001749781278 0.75363962941955 

CART_FLASH
0.12532800179859005 0.16054151061173522 0.1826453014665942 0.1869755828470226 0.21314388936368583 0.21884185773074655 0.22469663541092116 0.22481655583581744 0.22725225225225237 0.23124238759370766 0.23381259207980548 0.23659090909090907 0.2454843611410968 0.24605532786885242 0.24633265628526302 0.26264871038355386 0.26295060861423225 0.2642779545278187 0.268876404494382 0.27105392156862734 0.27642199457908156 0.27687279518572316 0.279609634551495 0.286437908496732 0.2953995157384987 0.2978862359550562 0.2987167300380227 0.30136547423245613 0.3033291200177113 0.31159053232639533 0.3225879277566539 0.3228926528346994 0.3234169077467052 0.33036983750846305 0.33534153005464484 0.3375966947960619 0.33851915874387795 0.3422605494839101 0.3428308823529411 0.343826095292877 0.34494922139471906 0.34770212046971355 0.3533333333333334 0.37554505813953487 0.37554505813953487 0.3795343137254902 0.3824836373301438 0.38357830271216087 0.3863115646987392 0.4019248069159206 0.4179807554215137 0.42029296875000005 0.42866379310344827 0.43863062602608177 0.45526574803149605 0.4749172969761205 0.4912747393062354 0.49429747725165885 0.5590122663238524 0.6135070159945049 
