CART
0.3339424833852681 0.352580372250423 0.365446371226718 0.36640939523892874 0.36804485312473995 0.3741976260608958 0.39137889761361144 0.3970713073005093 0.39766839378238344 0.39936015306132655 0.399586826188455 0.4074662254366812 0.4145110320499221 0.4230769230769231 0.42424242424242425 0.4296938416540189 0.43291139240506327 0.43891471259597425 0.44386172879877916 0.4440771686752035 0.44491803278688524 0.44491803278688524 0.4490195120600912 0.4505900764656719 0.4578060672499925 0.45853756208296537 0.4624690807487061 0.4643264840182648 0.4669410378466926 0.48118985126859143 0.48721374705963744 0.49125874125874125 0.49665780340151 0.4994279176201373 0.511540836839333 0.5130279228217373 0.5176221893008248 0.5185842803030303 0.5205560151284592 0.524581755050505 0.5273371571729958 0.5293103448275862 0.5312153643160826 0.532938212334745 0.5337789907735087 0.5354329711274632 0.5369822485207101 0.5439856373429084 0.54446953181771 0.5505245504441991 0.5573089700996677 0.5599221789883269 0.5599221789883269 0.5606879112336779 0.5633159268929504 0.5667636213618004 0.5928066795118818 0.6490769536160921 0.667374380750177 0.6843321338421919 

ABE0
0.27072491413732985 0.274431955762375 0.27739278899266856 0.28002395926924234 0.3163414808461978 0.31812493483136906 0.3202875844973812 0.32938856015779094 0.32942708333333326 0.33737421936850975 0.33767537601639763 0.33928228746881606 0.3434343434343434 0.34363994725647495 0.34649581579417277 0.35538143152654267 0.3571199633021981 0.3686879281370692 0.3687095166915794 0.36917098445595853 0.3694000369101584 0.36991628325692094 0.3707541738629822 0.37357335680256387 0.37528604118993136 0.38225676301946576 0.3846587009186885 0.3861408517869419 0.38689210793217854 0.38871196036801126 0.38978642506969696 0.391543792773522 0.391543792773522 0.3916997663032371 0.39280550059127256 0.3952587378937943 0.4020926756352765 0.40477967637885537 0.4109546048006427 0.4124562085088401 0.41916014645286725 0.4277147766323024 0.440006613848381 0.44460913199635677 0.44758095381195917 0.45194182036287295 0.4534351145038168 0.4537135435116306 0.45714285714285713 0.472718646212241 0.4738821562891768 0.47738381410256414 0.4785574776785714 0.48057830939895585 0.48570371544844354 0.4863344672107629 0.4985942038386415 0.5044405011577937 0.5159595959595961 0.5486520949014011 

SVM
0.3625174398437313 0.46915520228199187 0.4703161861979569 0.4857365782316363 0.48636656620760726 0.490068613573671 0.49624961172810234 0.49713570424998144 0.5001708262600901 0.5002162402063679 0.507258512057452 0.5090653958726745 0.5173122790354651 0.526121240389815 0.5423978607449542 0.5451947849514989 0.5467034659769472 0.5490967938728237 0.5555238188728989 0.5569807484564898 0.5593142301120013 0.559647063848966 0.5657752778970073 0.5670161737745484 0.5686200688351303 0.5719448443987057 0.576029938849459 0.5798353246230359 0.584178422264064 0.5932400581269521 0.5960539394101778 0.5960926788775389 0.5991390258396279 0.5992095380097933 0.6058444600881863 0.6069445562624388 0.6083236794235718 0.6094291669183872 0.6105698019537427 0.6125125087894643 0.6155221042705675 0.6186825072050535 0.6241892374064227 0.6267034337659506 0.6304609662734961 0.6383928514097852 0.6393185848931735 0.6399206967695599 0.6454690653862252 0.6467860130625502 0.6515865015582636 0.6533375558566603 0.6581486699083765 0.6622464872426315 0.6676793958773104 0.6699305940407188 0.6843730198701656 0.6882035398132448 0.6993242233946348 0.8237973400686138 

RF
0.31830179278078213 0.31837863658777116 0.326427997978056 0.3329757809377603 0.34830729166666674 0.3504249160898777 0.35544603767522187 0.3591261191097491 0.3634733963579069 0.37421127143513444 0.3785621761658031 0.3807743170922496 0.38333333333333325 0.3842743896101968 0.3898380662636448 0.39043639740018565 0.39250142534567883 0.3954789048170276 0.4 0.40531684371861953 0.4076248641856869 0.4102712224926326 0.41055718475073316 0.4168825561312608 0.42091318564268554 0.4230769230769231 0.42737181427169596 0.4280767871621959 0.42842380768519195 0.42886599811060244 0.43114706990766904 0.43397573162027114 0.43945736434108523 0.4402943644612278 0.44304948382614256 0.4437869822485207 0.44465619555279545 0.44491803278688524 0.44491803278688524 0.44946719093017995 0.4567951973019406 0.45762716220731486 0.45863754294444425 0.4644214299020893 0.4648534997287032 0.46853146853146854 0.4799279940678387 0.48352926939372676 0.49540400191911493 0.5016558841651264 0.5037140204271124 0.5102040816326531 0.5158883240692353 0.5251233737101839 0.527541014257834 0.5374976932162103 0.5683869798377404 0.575433231396534 0.5998837455083492 0.6180204183361064 

ATLM
1.0571903877854838 1.7147923468063933 0.631454763188809 1.0571903877854838 1.7147923468063933 0.631454763188809 1.0571903877854838 1.7147923468063933 0.631454763188809 1.0571903877854838 1.7147923468063933 0.631454763188809 1.0571903877854838 1.7147923468063933 0.631454763188809 1.0571903877854838 1.7147923468063933 0.631454763188809 1.0571903877854838 1.7147923468063933 0.631454763188809 1.0571903877854838 1.7147923468063933 0.631454763188809 1.0571903877854838 1.7147923468063933 0.631454763188809 1.0571903877854838 1.7147923468063933 0.631454763188809 1.0571903877854838 1.7147923468063933 0.631454763188809 1.0571903877854838 1.7147923468063933 0.631454763188809 1.0571903877854838 1.7147923468063933 0.631454763188809 1.0571903877854838 1.7147923468063933 0.631454763188809 1.0571903877854838 1.7147923468063933 0.631454763188809 1.0571903877854838 1.7147923468063933 0.631454763188809 1.0571903877854838 1.7147923468063933 0.631454763188809 1.0571903877854838 1.7147923468063933 0.631454763188809 1.0571903877854838 1.7147923468063933 0.631454763188809 1.0571903877854838 1.7147923468063933 0.631454763188809

CART_DE
0.24158141517476556 0.292066806976843 0.2923270061263433 0.2934062373430539 0.2994770418538364 0.3146768141218751 0.3209055086229699 0.32744252873563207 0.3297247147297877 0.3327612334024203 0.3348341909662665 0.3385691937803815 0.3406446298012563 0.3425224582746653 0.3508714227930023 0.35164304123711343 0.35669919620880186 0.35746339913247893 0.35887117827880366 0.362938424887405 0.36306253980197895 0.363859649122807 0.3655699721964782 0.3683760683760684 0.36954685808671106 0.3719506407214048 0.37280701754385964 0.37462775461584275 0.3761048977136897 0.3767864786198498 0.3797399245582688 0.3858412783344683 0.38711085581262794 0.3881793331200561 0.3902702934398008 0.39527432212856706 0.4032515344927147 0.4048907584286815 0.4053692394570966 0.4072549998925332 0.4082651855233941 0.40854047789748676 0.4088112197131181 0.41498700567999136 0.4178938810562173 0.418473312736993 0.41944430858806403 0.42119769306232624 0.42248748190406227 0.42725306773169547 0.4293653143849664 0.4312303808154133 0.43508110617284385 0.4485959870716124 0.4557503867973181 0.45674356615176326 0.45780702982775534 0.46355618451334396 0.47128237383625093 0.5034998507343954 

CART_FLASH
0.25996643603926334 0.26035087719298244 0.2616522785069476 0.26357294510160756 0.2647240131530323 0.2660487669984677 0.2754065719855194 0.2772519083969466 0.2815938942137026 0.287963954318344 0.3026776144749325 0.3053623025695704 0.30652920962199315 0.3079146006179241 0.31282449102741305 0.3166444147752559 0.3181141900688116 0.3189752439105329 0.3220020785325879 0.3223313405996676 0.3223528941309287 0.3244274809160305 0.32718749999999996 0.3297760368641289 0.3343558282208589 0.3344188693188086 0.33461898457902717 0.3347770278606014 0.33531319452204467 0.3353554665116122 0.3373362445414847 0.33759414395624765 0.340545038485542 0.3414217758502104 0.3482167417346478 0.34939148073022314 0.3494743040816577 0.35103626943005184 0.35140390448782766 0.3519085615239461 0.35640399146355267 0.3603633916554509 0.37264351553828656 0.375 0.37574544971943424 0.37655005998326363 0.3784986256357105 0.3835845645268396 0.38500792206783807 0.3881955933467895 0.3918394902673389 0.3940637621145974 0.41270517168183235 0.41650123921343385 0.4166300283140936 0.42319422280477914 0.4272861496770175 0.44984430650773055 0.45541062358052264 0.5036868087020234 
