CART
0.10607169901308233 0.12829625099957653 0.1382856890185934 0.18349567231855457 0.1885538818636815 0.1943005930854912 0.2022054865060975 0.2286397470350222 0.2303012474748527 0.23744342053341383 0.23814925706209433 0.23980407321474595 0.24229551389432225 0.24372240591235572 0.25449967673489216 0.2641214314435062 0.282468027137723 0.2830501835323992 0.2870140445767023 0.28892006197395415 0.2920948083736724 0.2933161417914427 0.29507463399592626 0.29786786337168125 0.29814263552890863 0.3026768264564439 0.3179754972940222 0.3305867991978376 0.3307645795005725 0.3382304123273605 0.3389061659690883 0.34063849988131967 0.357240158016619 0.3619917912493751 0.3643621111913016 0.3712815798598512 0.37302099083874407 0.37403765934839384 0.37731765705239584 0.3825724346697966 0.3830342310302066 0.3849869733715414 0.39193374939107906 0.3925843244168741 0.3938178386031149 0.39973220263334075 0.4082914530857633 0.40864799928810847 0.41471799340475346 0.43203757637562556 0.44723566965383343 0.45677470452053126 0.462996707953344 0.46303750583517633 0.46506661197410415 0.4769258502583824 0.5144816018109126 0.5243094172430942 0.5434766753881357 0.6577027148762674 

ABE0
0.20280420782490793 0.22201237121643602 0.23063316040804038 0.2641182043666638 0.26615740162798374 0.2813931557847784 0.29016073306294154 0.29458619660320673 0.2951845165624082 0.29644184755026615 0.3048264489401923 0.3048296349513844 0.3081437269069095 0.3097206553633236 0.3108383369057284 0.3111365399915529 0.32555247098169815 0.3280747759727478 0.33028693433317724 0.36415648591464667 0.3671135117977511 0.3812742656929753 0.3830958837834054 0.42195726757023 0.4484264873218866 0.4538357848583151 0.4577237287609105 0.45893272123294493 0.4598486451625905 0.4712024484491336 0.4721936216273299 0.47284977475210543 0.4786762794497583 0.4817755458389251 0.484306145679541 0.49298126188815394 0.49404955659471084 0.5002018132141082 0.5015222238826524 0.5146777281429484 0.5174972928716688 0.5190449375712576 0.520438068795311 0.5270156339658085 0.5339186532206184 0.5362587556654306 0.538038878129259 0.5389009097042881 0.5396345227805902 0.558434704010265 0.5784716431431893 0.5843393538592714 0.5850580294879459 0.5891482915606823 0.5991918466304493 0.5996860833194497 0.6042308685805594 0.6057676116876556 0.6561328766741847 0.6642796050769015 

SVM
0.1623248739845472 0.1660330134395792 0.17066593831649568 0.17305968665237292 0.1734368631017884 0.17405307198748177 0.17610783302087418 0.18014490994533916 0.18226742910964766 0.1835801406500347 0.18465355119129767 0.18979842416251813 0.19213976557127954 0.19536443719167873 0.2002480785361549 0.2014348080770355 0.20248499501467443 0.2027138546802425 0.20330249846597825 0.20400861044978524 0.28159706379526417 0.2838377435199181 0.28552526167418124 0.29296456666699555 0.30365691426051833 0.3039762712390961 0.30779093495433196 0.31681971195959835 0.3172308564909758 0.3173559974238641 0.31903347117967007 0.3305587415534673 0.33512841492362333 0.3356055822986094 0.3359410352544907 0.3359833208734132 0.3383961892707562 0.34307063313446373 0.34440034739035286 0.34658218303706634 0.34959183508598735 0.3543420531793935 0.35787762083586483 0.3613657996648182 0.36272649468609464 0.365460079140579 0.3667084650176876 0.36711339942172305 0.36985827963240037 0.370351348780778 0.3730316570332739 0.37841534889068773 0.37973129952366724 0.38183142832085615 0.38452550405726127 0.3848824522655814 0.3854818564081516 0.39159036637500577 0.3998554578720517 0.4094366096540307 

RF
0.1679937870182362 0.19883482396543128 0.2015594086322553 0.2035523172444489 0.21634962401370883 0.2365694287160669 0.24145886548823847 0.2416014899330754 0.25055534799394097 0.2521420343595949 0.27316786950654215 0.27344439082028316 0.28052313439070076 0.2877247180891307 0.2972537057363718 0.29767319999108066 0.31211989392583206 0.3153982391308048 0.31717743911948837 0.320869219962128 0.32690198543264815 0.33796114613946804 0.3415284585045463 0.34460429179824825 0.34961877121353735 0.35356510690054654 0.36462462640581805 0.36803213004051083 0.397195748046273 0.402494312328888 0.4094942013746019 0.41104434622833586 0.4149704101600198 0.4162218530667544 0.41733126081552896 0.41799504379898567 0.42298267916314636 0.4451046167841711 0.44993108283130745 0.4501829821884856 0.452098994267669 0.4558018658060323 0.48104332048083476 0.48211739642915563 0.4842157334057924 0.49499011655647196 0.495128597449909 0.49995059687951915 0.5037863723063187 0.5104040444839377 0.5114532122821498 0.513261188715902 0.5171456678017405 0.5257965344619031 0.5275880661394681 0.5350601212139329 0.5720085015940488 0.5769902471311574 0.5796173778806923 0.6745267735865517 

ATLM
-0.121699984418 -0.256016617712 0.270830128222 -0.232261837539 -0.200057374112 0.3710553024 -0.120727995951 -0.0215975855219 0.211161134707 -0.178728845734 0.0718177575853 0.360237055388 -0.0327444608375 -0.184931569342 0.32707836834 -0.0852403197192 -0.0907552443281 0.258043427121 -0.168226691635 -0.236722345804 0.221853820981 -0.0890970200781 0.0780368106338 0.189768608072 -0.306252357583 -0.265997601591 0.277975029995 -0.102980565983 -0.115113034875 0.315666757848 -0.385583274624 -0.0187672904018 0.194306627891 -0.157233450833 -0.109228886492 0.171898359256 -0.176949743732 0.0251316830841 0.169617190073 -0.462329919517 -0.0504340483406 0.252471411047 -0.091916117392 -0.402791690141 -0.0625355420677 -0.247025816279 0.0292626583761 0.157208016557 -0.0878322203224 0.0620819705225 0.307315973154 -0.2186321695 0.0537140062622 0.0452383573707 0.0640894185662 0.041628046921 0.280557357043 -0.205928426353 -0.17927411134 0.239525847738

CART_DE
0.03054118516688653 0.19978390107652377 0.2179479137280781 0.2574053069567498 0.2579685834612778 0.26332912228295824 0.2700222172431397 0.27162659265119815 0.2730364518291586 0.28037747533968116 0.2828026194937936 0.2834896291904184 0.28355784236284864 0.28365730091507757 0.2941185489158106 0.2958602729173544 0.2980653181266586 0.301150677530144 0.30165931022746184 0.3080875229611738 0.30916890162632527 0.3096490792914406 0.31679987002105725 0.32470301439885796 0.3345060336021114 0.35070565835412504 0.3529921351119989 0.3746132947852333 0.3885614138691118 0.3959075590967637 0.4022502686540097 0.4105454821420238 0.41135580215079404 0.4151853892645343 0.4209718926592183 0.4228957476596388 0.4276923081167612 0.4336052406160972 0.4382968204058998 0.4530146471183154 0.45450981655470546 0.46438671635793194 0.46683201048863654 0.4809969710350729 0.4916341286803728 0.4959613291523678 0.49652632433145305 0.4977869560750995 0.5030067898402908 0.5037231638964014 0.5071737865502381 0.5169732757469835 0.5499551495282693 0.5528300567300546 0.5579385454691321 0.5589521766568706 0.5627414615614779 0.5966281241245952 0.5999736121831658 0.6013798559792043 

CART_FLASH
0.17044127240568419 0.22941260455575285 0.2504408982861075 0.25555397107074207 0.27067177034692325 0.2721553846764737 0.27699079585982345 0.27980893454555966 0.28263129603453385 0.28960726969678907 0.2909857923205803 0.2919430610222292 0.29382201938761787 0.2957091984062298 0.30019669860702114 0.3046785370931573 0.3053739484900734 0.311105559734017 0.31749598115609434 0.32468911602394 0.32626572166932255 0.3486092535675347 0.37150482643778826 0.38509809893557545 0.3874818849247582 0.3928549345881549 0.39595404675638923 0.40979858217431764 0.413514079492173 0.43220076009014075 0.43929439003191706 0.44146036092068985 0.44961858604286975 0.45041463645843205 0.4528619732051923 0.45403403415675647 0.46396135881820155 0.47609860106072577 0.4860241595288709 0.48630096470821227 0.4937504299036032 0.49696989805151726 0.4987285433413291 0.5387625834729256 0.5419469084733747 0.5422470652973392 0.5496889060876462 0.5505559723040425 0.560560349647937 0.5619217588461833 0.5666795993810976 0.5669528528421961 0.5687164708691355 0.5739557937264297 0.5797553157226083 0.5897671753921268 0.6153619714584224 0.617545643512182 0.6425355885355855 0.6821150426923868 
