CART
-0.9925530420120834 -0.35092603800992617 -0.25448815889992327 0.006984866123399214 0.06747712061193856 0.12837108953613807 0.14595344864403137 0.16167664670658688 0.1807909604519774 0.21526885667094897 0.26574765460463357 0.27001270648030495 0.2711926270645132 0.3038073038073038 0.308753112430569 0.30895738518825 0.3193034733215383 0.3361174084238159 0.3382515676872003 0.3443661971830987 0.34685255597803133 0.3469126060366936 0.35549199084668204 0.3610958149779736 0.3656512307837404 0.3670685906305594 0.38420348058902276 0.4022228102672665 0.41034482758620694 0.41549582569741395 0.4157973174366616 0.42202545655783064 0.4303336703741154 0.43352865775498994 0.44538401185598464 0.4539058931018729 0.45409223099293705 0.4612341772151899 0.4634714271854079 0.4646077114905045 0.47809610428982874 0.48 0.49052466718872356 0.49169212428284037 0.4925305051887331 0.5171986791414418 0.5193791946308723 0.5228702601598367 0.5281485780615205 0.5368405540819334 0.5571606237443796 0.5627229027756242 0.5679421512503766 0.5712590157947595 0.5857568124570645 0.5910079767947789 0.5910439708659292 0.5979360165118679 0.6048930559624963 0.6187576126674789 

ABE0
-0.030979827089336887 0.29663678847774455 0.301314854299929 0.3180268242782449 0.3316821465428277 0.3344990892531875 0.3419827012641383 0.3499265491452992 0.3516503645089204 0.35486293653773937 0.35605764214919156 0.37032460042840676 0.37219797844168423 0.37279596977329965 0.37474160206718354 0.3836710369487485 0.39390417150975066 0.3965348335992387 0.39846701932419315 0.4048685782556751 0.40983242703362555 0.41621522019531976 0.4171006107360976 0.41871381094322824 0.4201336252877437 0.42116483329069676 0.4286826735885787 0.43769448034850866 0.4399711892035332 0.4405350628293475 0.44158777969018936 0.4453403447268477 0.4467625520257097 0.4507930121047512 0.4673409961685825 0.4680879237288137 0.4727067183462532 0.47449024240833104 0.4766745131607104 0.48156979632389485 0.4837582236842106 0.4844919140719287 0.49120760423417575 0.5085675887557397 0.5164195604109767 0.5265317042718273 0.5290832805095235 0.5296006164119686 0.5310613682092555 0.535711396910135 0.5405446009389672 0.5754169688179842 0.5764515382835994 0.5809409202911008 0.5814203421889779 0.5829180509413068 0.5857960409044001 0.5943419434194344 0.5967505659874818 0.6018492176386914 

SVM
0.27551324925092324 0.2966808752115443 0.2983998141799734 0.30970320723512035 0.31277995986109675 0.3134788510401849 0.3160704605621578 0.32439296467177237 0.3404036600024445 0.34201598643545683 0.3504729804410005 0.35694114066386995 0.3601250025632381 0.36578314416418745 0.373432081996398 0.3786294514826527 0.3823546654753984 0.38441606844026444 0.3885802589452796 0.3888280900168879 0.390791197145539 0.3947562996119812 0.39868510119196343 0.3997298291408494 0.40193683457433893 0.4036956604125147 0.4066801460573649 0.4068987574362898 0.4086997778477466 0.41622666857387003 0.4167469422752508 0.41695697193128933 0.4169866567955086 0.43033584356585575 0.44318731273818035 0.44600968376425965 0.4524188625000345 0.4524738834073827 0.4568076810417163 0.45707264066511333 0.46541070913157145 0.4690917264207102 0.47205256269351314 0.4728157022123275 0.4924056116244955 0.4965617201781932 0.5121373170737218 0.5160067043173173 0.5279589368822621 0.5359244836867669 0.5431651270438664 0.5434875962277708 0.5502047248597448 0.5515159662113066 0.568876894923851 0.5691001056641374 0.5724829388968569 0.5744047540330065 0.5794727314945832 0.6131305511536478 

RF
-0.22515454113171707 0.05380135705508382 0.16234606553955322 0.2284201609487505 0.24046271228156546 0.28265910847719655 0.2841973766396001 0.29656602437667534 0.3049622202848008 0.3230478298971451 0.33660090168341816 0.3382859061529421 0.3487558459176753 0.35552701063298364 0.36361850891664704 0.3706781654253234 0.37407847800237826 0.37427880141447967 0.3889737227206209 0.39426626396279796 0.39935907218068056 0.4027128764278294 0.40436282967710147 0.4080092192451743 0.41059732517551095 0.4236059014753689 0.42951167728237805 0.4295379767366423 0.43854995579133504 0.4438077697056516 0.4632224660926333 0.4686357243319268 0.46868076535750247 0.4691771819137749 0.4725729733429148 0.4843084173058606 0.49205537370430985 0.4926163560444038 0.49327354260089695 0.5190504989416389 0.5210916346016816 0.5333192374105789 0.5455473251028806 0.5477366871288116 0.5511684932192364 0.5577953944884861 0.5598120822297896 0.57567526784367 0.5785868392664508 0.5804528671204235 0.5805082579127678 0.5966379455989186 0.6016599371915656 0.6270166294365848 0.6325785244704163 0.6467195874889748 0.6760826332237508 0.6777698013878918 0.6965816603364081 0.7144613057249563 

ATLM
0.417377663643 0.489771598007 0.553626932434 0.451653978168 0.487154853863 0.544244343308 0.420531044088 0.466187757991 0.539439778351 0.421700178425 0.515666726677 0.551743717962 0.395529939729 0.508182590679 0.546423992591 0.38799362406 0.469018734443 0.506367966176 0.424009745947 0.492177749024 0.506051392842 0.389599821305 0.478500928112 0.548309915677 0.383623286717 0.457348332869 0.515082851918 0.389025191812 0.499926995724 0.543951142964 0.433970575888 0.473846992777 0.555214601178 0.454801666899 0.471429084311 0.532713370902 0.442203663757 0.462612603466 0.543140549188 0.448770870435 0.504736867284 0.533715734899 0.398631824161 0.479431821325 0.526652804925 0.459019396314 0.472453918232 0.546240916351 0.428486516828 0.50891140203 0.536569864892 0.430527043681 0.454463571502 0.524898896332 0.401733551499 0.507269285637 0.528315861388 0.358879320834 0.49236177433 0.50711342916

CART_DE
0.24670977989562082 0.2689120761086392 0.29529114097955267 0.3182159241281798 0.32361766624458 0.3389230274406243 0.34750758813915483 0.4112166383629998 0.4134895519389191 0.4302982676725342 0.4328772352822986 0.4416160753645524 0.44201352937116045 0.45360910374615837 0.46296313406634015 0.46394866076350494 0.4697697635240531 0.47570952649077647 0.47883967458295673 0.48141891891891897 0.4912321736760833 0.5025188380706409 0.5036680684762754 0.5046441979562681 0.5084868507008604 0.5122031644728094 0.5132547694017411 0.5162859690113135 0.5175726863226864 0.5190828617036716 0.5276908484053175 0.5290802940672863 0.5302328263435682 0.539904099677471 0.5405113211395933 0.5554821826008267 0.558731411533306 0.5630478662053057 0.574039768864718 0.5756453577006024 0.5806795161196967 0.5870236074679833 0.5880112147254221 0.5986524080373496 0.6011370351580239 0.60470216183536 0.6113797017327088 0.614558537113179 0.6199461767328804 0.6210395884308928 0.6232911715855373 0.6242906347383959 0.6251437310916865 0.6288443299791147 0.6370124106906154 0.637261401303006 0.6442324026384748 0.6553354596832858 0.6682490862084336 0.6845206093189964 

CART_FLASH
0.11787080507737813 0.31370144749829354 0.318492467514103 0.3688119034755988 0.40795762982477146 0.41355155766563534 0.4153087644378689 0.43576168088521794 0.437134088762984 0.4378046357329832 0.4391252467005855 0.439255597890136 0.45192422530294263 0.45371883815819736 0.45975735443518617 0.4629327805557314 0.46391502142131524 0.4675666199158487 0.46955259562841534 0.48259388698021566 0.48495188995631877 0.49412764771460427 0.49754727888347505 0.5022691033975224 0.5037816814489509 0.5049239583129393 0.5096728783443918 0.5191440862426516 0.5221860142487609 0.5246619852782656 0.5309664885866925 0.5349732733155155 0.5360849072737597 0.5385958413592136 0.5391323611085113 0.5432634775809262 0.5527395140071195 0.5534782707312649 0.5653642384105961 0.5661955035918915 0.5666756951968219 0.5677442979702867 0.5681418756989935 0.5716448811841414 0.5821122209505312 0.5860915278959523 0.5887121694083431 0.5894418652347393 0.5923005688583145 0.6024036855685516 0.6067625362381239 0.6147452383614747 0.6263546798029558 0.6333735579062683 0.6462316054219417 0.6483688116171697 0.6569684210526316 0.6605664995920271 0.6664193854067957 0.6902555910543131 
