CART
0.22217363135730483 0.2356687898089172 0.24727272727272717 0.27256676230412713 0.28461538461538466 0.29411764705882354 0.2962986463620982 0.3238095238095239 0.33657407407407414 0.34603174603174597 0.34658780709736114 0.36818181818181817 0.37053339597912893 0.3806436617496908 0.38701298701298703 0.38811392037198483 0.3940435810463563 0.39906633906633904 0.4016172506738544 0.4070080862533693 0.4175934471619751 0.41783054003724396 0.42293108702276794 0.4299363057324841 0.43583536153832875 0.44362745098039214 0.4458729599624281 0.45042016806722684 0.46428571428571425 0.46889537100587203 0.47058823529411764 0.4717948717948718 0.4756768189509306 0.4786656708986806 0.4879465153012526 0.5041081914999502 0.5051493806169541 0.5072237877186803 0.5141158989598811 0.5163795460760185 0.5191254809115122 0.5206896551724138 0.5264478764478765 0.5335064935064936 0.5365742548483665 0.5522388059701493 0.5592948717948718 0.5664855072463768 0.5727201257861635 0.5778301886792453 0.5814322469982847 0.61082910321489 0.6173913043478262 0.6321720116618077 0.6326070336391436 0.6380806391675957 0.7275862068965517 0.7516150296638102 0.7950724087432879 1.264102564102564 

ABE0
0.22678843226788425 0.23504273504273507 0.25347245848839667 0.2736582503621395 0.2781574852163088 0.3062271805273834 0.3315516633952388 0.34423076923076923 0.352136752136752 0.360942009971136 0.3631828030562208 0.36598377664591586 0.3862862945642963 0.3865405831363279 0.38747346072186833 0.38815266011172245 0.39182595182595176 0.4024238471780658 0.41819060415340736 0.419509275882705 0.4202442827442827 0.423463687150838 0.4252813852813852 0.4315151515151515 0.4323712507074137 0.43316134316134314 0.4391269510168133 0.43952300785634124 0.4618181818181817 0.46464511705902517 0.4660810969493501 0.4713067925005876 0.47821229050279335 0.47821229050279335 0.48013013189307663 0.4825490196078432 0.48610126083530336 0.4875909937362451 0.4888513032534353 0.4907843137254902 0.4956521739130434 0.49696969696969684 0.5054515950835521 0.5126586294416244 0.51305123936367 0.5131701631701633 0.5252318731591151 0.5312663257364503 0.5405445969125213 0.5464688290775247 0.5527777777777777 0.5593203989022038 0.5859181593126548 0.5888324873096447 0.5931059400853411 0.5958333333333333 0.6380509000620733 0.645837580699966 0.6644864902849513 0.6648599819331527 

SVM
0.19620503572539927 0.2607276628827081 0.26284939933548607 0.2713778368566992 0.2833507473825627 0.28841664624337643 0.2923709610473907 0.3044377943297192 0.31007523471530873 0.31013213916229404 0.3144196136799506 0.3151580643791119 0.3173953716782313 0.3183540233524115 0.328848258858364 0.3327024711342766 0.33634343881886425 0.3364337256376093 0.33738671203149173 0.34122034845792015 0.34577177561327416 0.3458433590705294 0.3530950363086041 0.3554629127040044 0.3556014596175709 0.35672661242515386 0.3577972133633962 0.358971363986216 0.36076546060650166 0.3617071717557502 0.36542800813359777 0.370536245431564 0.3719583029745893 0.3723145651216227 0.3739631051013831 0.3756866386160619 0.383026415613623 0.3833608124202615 0.4017818443734804 0.4031585993535145 0.4041809355388528 0.40549315247040296 0.4099419287659331 0.4116380432567539 0.42071555759369916 0.4259863097962541 0.4388419614429268 0.45101602371479643 0.46830033035509294 0.4861349954972757 0.4883344082335165 0.4929433815339104 0.5040273707753069 0.554475695681387 0.6065202730971156 0.6251135677236437 0.6704955400013857 0.7244260061409639 0.7539293831861336 0.8776303901593032 

RF
0.23849248229553818 0.24590679552479214 0.25601041506730127 0.2578616352201257 0.2683497248565742 0.27508628971995874 0.28876689189189186 0.29021164021164036 0.3076550714848587 0.3286799620132953 0.3374033374033374 0.34157446311858075 0.34234476411895753 0.3466003316749584 0.3505747126436782 0.35495495495495505 0.36529680365296796 0.36793080505655357 0.3840196406651043 0.3983416945373467 0.4058558558558558 0.40683475466567776 0.4079147640791477 0.4130824372759854 0.4176501097147417 0.42398882258217296 0.4310386473429952 0.44158753956355146 0.4431561996779388 0.4555555555555557 0.45641025641025645 0.4594263248886228 0.46196078431372556 0.4742424242424241 0.49149874378300773 0.4956809302700246 0.49777117384843983 0.5334384796943008 0.5358164492712815 0.539607843137255 0.5396825396825397 0.5435276058181087 0.572663470224446 0.5753623188405798 0.5809941970056776 0.590041632300381 0.5981360671015843 0.6097114898321632 0.6161545215100965 0.6237592129050202 0.6311690938511327 0.6337579617834395 0.6595834455516654 0.6633307247310838 0.6684394691449291 0.6814586817540239 0.6941176470588235 0.6955555555555555 0.8781372549019608 1.095665967226219 

ATLM
0.5770161495378123 0.3675030242809608 0.247536788769079 0.5770161495378123 0.3675030242809608 0.247536788769079 0.5770161495378123 0.3675030242809608 0.247536788769079 0.5770161495378123 0.3675030242809608 0.247536788769079 0.5770161495378123 0.3675030242809608 0.247536788769079 0.5770161495378123 0.3675030242809608 0.247536788769079 0.5770161495378123 0.3675030242809608 0.247536788769079 0.5770161495378123 0.3675030242809608 0.247536788769079 0.5770161495378123 0.3675030242809608 0.247536788769079 0.5770161495378123 0.3675030242809608 0.247536788769079 0.5770161495378123 0.3675030242809608 0.247536788769079 0.5770161495378123 0.3675030242809608 0.247536788769079 0.5770161495378123 0.3675030242809608 0.247536788769079 0.5770161495378123 0.3675030242809608 0.247536788769079 0.5770161495378123 0.3675030242809608 0.247536788769079 0.5770161495378123 0.3675030242809608 0.247536788769079 0.5770161495378123 0.3675030242809608 0.247536788769079 0.5770161495378123 0.3675030242809608 0.247536788769079 0.5770161495378123 0.3675030242809608 0.247536788769079 0.5770161495378123 0.3675030242809608 0.247536788769079

CART_DE
0.10415682569674035 0.10960319216150538 0.18144188291197988 0.1864388906464197 0.18978360590347026 0.20036277751535186 0.20193132873473885 0.21229802513464968 0.23223080223080228 0.23320561941251583 0.23842289209261683 0.2507233796296297 0.2575989782886335 0.2577134324009324 0.2616960608300771 0.26781636822497296 0.2703406582629305 0.27233893557422967 0.27679934249148763 0.2790740740740741 0.27969348659003795 0.2892532821754039 0.2909112883732173 0.2996038483305037 0.3000691693391185 0.30461226791901197 0.30697604412474644 0.3119215493549865 0.3125 0.31270158486638766 0.3223847421996725 0.32565868987188773 0.3306942213192213 0.3328025477707006 0.3369854202401372 0.3376050420168066 0.33897707231040586 0.3401128379742781 0.34428498985801215 0.34647534140559766 0.35242578064913094 0.35342053924994177 0.3617662190667283 0.3727244240935602 0.37352973844161497 0.37681339263901226 0.3894289095832104 0.394330780660647 0.3974529193916949 0.39909090909090916 0.39937126365697784 0.4019749266207483 0.41404904007871024 0.41856708200521586 0.44606060606060577 0.47935638215774035 0.48444900247993117 0.48605121293800535 0.551586793591321 0.6210298487240324 

CART_FLASH
0.14678899082568797 0.18087247620043936 0.1859816212268744 0.19680555555555568 0.19774316333377223 0.19778311965811962 0.22170134829709298 0.22228357873028667 0.2310416666666666 0.23142192771816777 0.2488385498710134 0.24909354604786071 0.25 0.25005747126436784 0.2613846153846154 0.26858432036097 0.28137254901960784 0.28348644039826176 0.29273404569225575 0.3006349206349206 0.30189189189189186 0.30476614027814414 0.3068965517241379 0.3097222222222221 0.31135926573426576 0.31278538812785395 0.3133769652675161 0.3153214404524285 0.31619047619047624 0.31747102551361 0.31855736442793575 0.3191596638655462 0.32485357111635627 0.33021639396669855 0.33405832921403844 0.34177762475548606 0.3425735068324891 0.3466981132075472 0.3517231788372427 0.3570780842048195 0.3584061758674762 0.3589398023360286 0.36381913487835266 0.3664520389631831 0.36732207314165055 0.3796512283074149 0.3900970979106472 0.39588204176726405 0.3986402623353999 0.42060690943043894 0.4315079365079365 0.43905635648754915 0.44115794394822955 0.4680588235294118 0.47449679929147187 0.47900943396226414 0.4824564060038763 0.4918435754189945 0.49888536866359445 0.5480703259005145 
